7.914343839313211712e-03
7.044797986313642950e-03
7.248794456871346555e-03
5.241140089713306263e-03
4.590084046258711623e-03
4.417962024225650236e-03
3.231033841899524396e-03
2.467518205701580911e-03
2.390202235690528417e-03
2.108835308884977802e-03
1.487964640614403361e-03
1.086455561677512937e-03
1.160066467586555808e-03
1.183659008118469972e-03
7.063050875639718690e-04
6.438638601977518397e-04
6.863631248972732433e-04
7.105550140339239552e-04
6.433189978298092674e-04
6.015825404454072049e-04
5.348913866092348725e-04
4.670015355635889027e-04
4.169831701864596535e-04
4.933728741720100125e-04
4.488031324743065953e-04
3.435902092245936594e-04
4.173645738440195409e-04
3.574841996071295258e-04
4.230311424706223586e-04
3.226674942955983817e-04
3.236482465578950337e-04
3.722499697783735514e-04
3.976405561244979008e-04
3.124785680150720291e-04
3.574841996071295258e-04
2.916648255596652984e-04
3.124785680150720291e-04
3.032703939968423826e-04
2.745561472062681358e-04
3.261546134504309099e-04
3.715416487000481856e-04
2.933538989002873161e-04
3.683269607291868352e-04
3.140041826453111992e-04
3.325839893921533940e-04
2.804951470168423481e-04
2.529795974357418472e-04
2.837643212244977823e-04
2.995108436580385682e-04
3.294237876580863983e-04
2.930814677163160300e-04
2.747196059166509292e-04
2.817483304631102320e-04
2.966775593447371052e-04
3.043601187327275273e-04
2.826201102518184996e-04
3.013088894722490787e-04
2.788060736762203303e-04
2.598993495086126572e-04
2.819117891734930796e-04
2.531430561461246406e-04
2.780977525978949104e-04
3.216867420333017298e-04
3.299686500260290249e-04
2.900302384558375813e-04
3.030524490496653428e-04
2.780432663611007182e-04
2.789695323866031237e-04
2.773894315195696530e-04
2.439348821278949399e-04
