6.762999999999999012e-01
7.472750000000000226e-01
6.550499999999999101e-01
5.195750000000000091e-01
4.212500000000000133e-01
3.749250000000000083e-01
4.061499999999999555e-01
2.991000000000000325e-01
1.947500000000000064e-01
2.108249999999999846e-01
1.582250000000000045e-01
1.391000000000000014e-01
1.601750000000000118e-01
1.294000000000000150e-01
1.431000000000000050e-01
1.055750000000000022e-01
8.899999999999999578e-02
9.457500000000000628e-02
8.122499999999999165e-02
7.084999999999999631e-02
8.817500000000000338e-02
7.562499999999999778e-02
7.365000000000000713e-02
8.874999999999999556e-02
8.597499999999999587e-02
6.565000000000000002e-02
7.772499999999998854e-02
6.587500000000000300e-02
6.777500000000000191e-02
6.722499999999999309e-02
6.459999999999999076e-02
5.895000000000000240e-02
6.865000000000000269e-02
6.794999999999999651e-02
6.487500000000000211e-02
6.389999999999999847e-02
5.754999999999999699e-02
5.650000000000000161e-02
5.895000000000000240e-02
6.729999999999999871e-02
6.210000000000000242e-02
5.675000000000000183e-02
5.502499999999999752e-02
6.029999999999999943e-02
5.295000000000000401e-02
6.502499999999999947e-02
5.890000000000000097e-02
6.584999999999999187e-02
5.335000000000000159e-02
5.289999999999999564e-02
6.227499999999999702e-02
5.424999999999999961e-02
5.302499999999999575e-02
6.177499999999999658e-02
6.937500000000000611e-02
5.550000000000000072e-02
5.970000000000000306e-02
5.827500000000000041e-02
6.317499999999999505e-02
5.412499999999999950e-02
5.527499999999999775e-02
5.677499999999999908e-02
5.314999999999999586e-02
5.380000000000000060e-02
6.064999999999999558e-02
4.802499999999999825e-02
5.610000000000000403e-02
5.937499999999999722e-02
5.672500000000000459e-02
5.264999999999999541e-02
