3.631349999999999856e-02
3.232374999999999832e-02
3.325974999999999765e-02
2.404800000000000340e-02
2.106074999999999614e-02
2.027100000000000082e-02
1.482499999999999964e-02
1.132175000000000022e-02
1.096700000000000105e-02
9.676000000000000573e-03
6.827249999999999985e-03
4.984999999999999848e-03
5.322749999999999357e-03
5.431000000000000064e-03
3.240749999999999707e-03
2.954250000000000279e-03
3.149250000000000139e-03
3.260250000000000127e-03
2.951750000000000380e-03
2.760249999999999683e-03
2.454250000000000268e-03
2.142750000000000123e-03
1.913250000000000020e-03
2.263750000000000137e-03
2.059249999999999883e-03
1.576500000000000210e-03
1.915000000000000036e-03
1.640249999999999998e-03
1.941000000000000017e-03
1.480500000000000045e-03
1.484999999999999992e-03
1.708000000000000100e-03
1.824499999999999733e-03
1.433749999999999912e-03
1.640249999999999998e-03
1.338249999999999813e-03
1.433749999999999912e-03
1.391499999999999942e-03
1.259750000000000019e-03
1.496500000000000000e-03
1.704750000000000102e-03
1.345999999999999974e-03
1.689999999999999879e-03
1.440749999999999757e-03
1.526000000000000013e-03
1.286999999999999950e-03
1.160749999999999890e-03
1.301999999999999772e-03
1.374250000000000037e-03
1.511500000000000040e-03
1.344750000000000025e-03
1.260499999999999902e-03
1.292750000000000062e-03
1.361250000000000047e-03
1.396499999999999955e-03
1.296750000000000159e-03
1.382500000000000048e-03
1.279250000000000005e-03
1.192499999999999984e-03
1.293499999999999945e-03
1.161499999999999989e-03
1.275999999999999791e-03
1.475999999999999882e-03
1.514000000000000155e-03
1.330749999999999902e-03
1.390500000000000026e-03
1.275749999999999974e-03
1.280000000000000105e-03
1.272750000000000010e-03
1.119250000000000019e-03
