5.375157142857143189e-01
9.989964285714285630e-01
5.532578571428571346e-01
7.985042857142856665e-01
9.067464285714286198e-01
7.299328571428571610e-01
9.950278571428571306e-01
7.109478571428571314e-01
8.581928571428570907e-01
9.149157142857142766e-01
7.026264285714285407e-01
8.342042857142857315e-01
8.872621428571428881e-01
8.106499999999999817e-01
8.498242857142856987e-01
8.688099999999999712e-01
9.195271428571428762e-01
9.625121428571428162e-01
7.246928571428571386e-01
7.841807142857142310e-01
7.711007142857142505e-01
7.326021428571428684e-01
9.171878571428571103e-01
8.317364285714285987e-01
8.443300000000000249e-01
8.936557142857143310e-01
7.158457142857143074e-01
8.038600000000000190e-01
7.721649999999999903e-01
7.453635714285714586e-01
8.711057142857142610e-01
8.313007142857142817e-01
7.447871428571428698e-01
6.752550000000000496e-01
9.637114285714285522e-01
7.970735714285713813e-01
7.434121428571428547e-01
7.081935714285714223e-01
6.065985714285714314e-01
4.015771428571428547e-01
5.795814285714285807e-01
7.462928571428570912e-01
6.606435714285714411e-01
7.779507142857142732e-01
7.962628571428571611e-01
4.831750000000000211e-01
4.721085714285714330e-01
8.041842857142856849e-01
5.596757142857142764e-01
5.942464285714286198e-01
5.796735714285714547e-01
5.972435714285714292e-01
4.375171428571428822e-01
4.633235714285714457e-01
4.154700000000000060e-01
5.684935714285713759e-01
5.789942857142856836e-01
5.702942857142857536e-01
6.642442857142857315e-01
7.397921428571428981e-01
7.548564285714285393e-01
6.814050000000000384e-01
5.825500000000000123e-01
3.337371428571428433e-01
5.904935714285713955e-01
4.916328571428571492e-01
4.860678571428571626e-01
3.894792857142856946e-01
3.775800000000000267e-01
5.523878571428570972e-01
4.267264285714285621e-01
3.960307142857142915e-01
5.200192857142856839e-01
3.345642857142857030e-01
4.915542857142857214e-01
3.616864285714285754e-01
4.137114285714285633e-01
5.659450000000000314e-01
6.110628571428571298e-01
5.806064285714285234e-01
4.934992857142856959e-01
6.038057142857142789e-01
3.661685714285714544e-01
4.843335714285714189e-01
5.244114285714285284e-01
4.730835714285714366e-01
3.656092857142856922e-01
4.114271428571428801e-01
4.270914285714285663e-01
4.077621428571428508e-01
5.106992857142856890e-01
2.270907142857142846e-01
3.149914285714285889e-01
2.430128571428571416e-01
3.641764285714285676e-01
4.631357142857142617e-01
3.989621428571428763e-01
3.505778571428571633e-01
3.373028571428571265e-01
2.732128571428571462e-01
4.533471428571428374e-01
2.714314285714285457e-01
2.737600000000000033e-01
3.085371428571428432e-01
4.006307142857142845e-01
4.935421428571428737e-01
3.161407142857142749e-01
2.006900000000000073e-01
2.800428571428571489e-01
2.592778571428571155e-01
2.206692857142857067e-01
2.408042857142857207e-01
2.528892857142857054e-01
3.366914285714285859e-01
3.046542857142857108e-01
2.101707142857142940e-01
2.975864285714285851e-01
2.697228571428571531e-01
1.747257142857142898e-01
1.538964285714285729e-01
3.813599999999999768e-01
3.371964285714285636e-01
3.527514285714285491e-01
2.015292857142857164e-01
1.574042857142857188e-01
3.293578571428571466e-01
1.757957142857142774e-01
2.974857142857142978e-01
2.420407142857142757e-01
2.053992857142857009e-01
1.718128571428571560e-01
2.171742857142857086e-01
1.325085714285714200e-01
2.334785714285714242e-01
1.479514285714285671e-01
1.465357142857142969e-01
1.971871428571428664e-01
1.879878571428571510e-01
1.699971428571428467e-01
1.358271428571428685e-01
1.100821428571428506e-01
2.507607142857142812e-01
1.406671428571428517e-01
1.995450000000000002e-01
3.426707142857142729e-01
1.766635714285714198e-01
1.609099999999999975e-01
1.351714285714285813e-01
1.006692857142857112e-01
1.502292857142857041e-01
1.250907142857142773e-01
1.797892857142857070e-01
1.584628571428571553e-01
1.321228571428571530e-01
1.078178571428571458e-01
1.468685714285714317e-01
1.436292857142857093e-01
1.555357142857142771e-01
1.063635714285714323e-01
1.228899999999999992e-01
1.432128571428571417e-01
2.043607142857142844e-01
1.452478571428571508e-01
1.416257142857142992e-01
1.501500000000000057e-01
1.285178571428571559e-01
9.676999999999999491e-02
1.696992857142857192e-01
1.070971428571428630e-01
2.117978571428571488e-01
1.642299999999999871e-01
7.601857142857143534e-02
8.498928571428571166e-02
7.098714285714285976e-02
1.550850000000000006e-01
1.070200000000000040e-01
9.825000000000000400e-02
1.106207142857142806e-01
9.814714285714286335e-02
1.065164285714285675e-01
1.490478571428571486e-01
9.221999999999999642e-02
9.136714285714285511e-02
7.552214285714285713e-02
1.005500000000000005e-01
7.974857142857143255e-02
6.774428571428571522e-02
8.255285714285713616e-02
7.065785714285714725e-02
1.090350000000000069e-01
1.548364285714285693e-01
1.095549999999999996e-01
9.993428571428571161e-02
8.349142857142857754e-02
8.773357142857142466e-02
9.148499999999999688e-02
5.857857142857143123e-02
1.187614285714285733e-01
4.641357142857142903e-02
7.679214285714285049e-02
8.348642857142857254e-02
7.238785714285714268e-02
8.183428571428572051e-02
6.772428571428570909e-02
4.988857142857142796e-02
1.143242857142857116e-01
7.336499999999999966e-02
8.136285714285713955e-02
5.452571428571428847e-02
6.889714285714285125e-02
8.284714285714285531e-02
6.531857142857143417e-02
6.195142857142857395e-02
6.415571428571428814e-02
6.165714285714285481e-02
8.507000000000000672e-02
7.415071428571429202e-02
5.244357142857142967e-02
6.456214285714285961e-02
5.977071428571428813e-02
5.947285714285713981e-02
6.290928571428570926e-02
4.605928571428571233e-02
5.462071428571428633e-02
5.408642857142857002e-02
4.900285714285713967e-02
3.839000000000000051e-02
5.053928571428571714e-02
4.307714285714285551e-02
5.604357142857142871e-02
4.434571428571428692e-02
5.850071428571428783e-02
4.269428571428571240e-02
5.197142857142857120e-02
5.163500000000000034e-02
4.342000000000000026e-02
5.474571428571428644e-02
3.694357142857142978e-02
3.756142857142857200e-02
3.961428571428571299e-02
3.967928571428571555e-02
3.407928571428571474e-02
3.592999999999999666e-02
4.648857142857142771e-02
3.959928571428571187e-02
3.160142857142857198e-02
3.533142857142856919e-02
4.564571428571428252e-02
3.184571428571428275e-02
3.921071428571428624e-02
3.626000000000000056e-02
4.171214285714285736e-02
3.940357142857142669e-02
2.593714285714285653e-02
3.238571428571428851e-02
3.474642857142857394e-02
4.642785714285714571e-02
3.148357142857143021e-02
2.700071428571428414e-02
3.384214285714285536e-02
4.157285714285714057e-02
3.090857142857142761e-02
3.489642857142857130e-02
2.543071428571428566e-02
3.332285714285714018e-02
3.015142857142857208e-02
3.125071428571428445e-02
3.279571428571428915e-02
4.395357142857142518e-02
3.888285714285714262e-02
3.033999999999999891e-02
2.631428571428571367e-02
3.632928571428571674e-02
1.998571428571428721e-02
2.782785714285714376e-02
2.660928571428571379e-02
3.663714285714285424e-02
2.823857142857142885e-02
2.876928571428571599e-02
2.450714285714285581e-02
2.919714285714285554e-02
2.399214285714285771e-02
2.620928571428571274e-02
2.861714285714285835e-02
2.326714285714285776e-02
2.456571428571428448e-02
2.480142857142857149e-02
2.676714285714285740e-02
2.255714285714285547e-02
2.345857142857142932e-02
2.284571428571428517e-02
2.478142857142857231e-02
2.469999999999999973e-02
2.663785714285714368e-02
2.644428571428571531e-02
2.945214285714285729e-02
2.396785714285714144e-02
1.970714285714285710e-02
2.725428571428571353e-02
2.342857142857142708e-02
1.697357142857142814e-02
2.550285714285714309e-02
2.248714285714285832e-02
2.422285714285714320e-02
1.944071428571428686e-02
2.162428571428571394e-02
1.755142857142857199e-02
2.658142857142857182e-02
1.832785714285714226e-02
2.017285714285714168e-02
2.220642857142857141e-02
2.202357142857142708e-02
2.328428571428571570e-02
1.632928571428571285e-02
2.185285714285714262e-02
1.815357142857142864e-02
1.946071428571428605e-02
1.548142857142857133e-02
1.942857142857142699e-02
1.582357142857142990e-02
2.266142857142857195e-02
2.039714285714285674e-02
1.722285714285714392e-02
1.641499999999999904e-02
1.809714285714285678e-02
1.831357142857142906e-02
1.757928571428571396e-02
1.496357142857142851e-02
1.755571428571428561e-02
1.939571428571428696e-02
1.578214285714285570e-02
1.657785714285714418e-02
1.879785714285714393e-02
1.310785714285714332e-02
1.521214285714285637e-02
2.018999999999999961e-02
1.611571428571428530e-02
1.854642857142857135e-02
1.630285714285714324e-02
1.804714285714285882e-02
1.531500000000000049e-02
1.584785714285714270e-02
1.605214285714285857e-02
1.714285714285714371e-02
1.524928571428571349e-02
1.699785714285714441e-02
1.485142857142857098e-02
1.642357142857142974e-02
1.697214285714285578e-02
1.566857142857142754e-02
1.627357142857142891e-02
1.237071428571428523e-02
1.578642857142857278e-02
1.636857142857143024e-02
1.522642857142857131e-02
1.401999999999999948e-02
1.171142857142857228e-02
1.467000000000000075e-02
1.399642857142857112e-02
1.350642857142857201e-02
1.500714285714285778e-02
1.407642857142857133e-02
1.255214285714285720e-02
1.410642857142857184e-02
1.698571428571428454e-02
1.444214285714285652e-02
1.171142857142857228e-02
1.209642857142857221e-02
1.223999999999999914e-02
1.360142857142857160e-02
1.397142857142857214e-02
1.408142857142857113e-02
1.403500000000000060e-02
1.277357142857142927e-02
1.215571428571428532e-02
1.346999999999999933e-02
1.312214285714285653e-02
1.415714285714285772e-02
1.290285714285714300e-02
1.116071428571428596e-02
1.091357142857142873e-02
1.282285714285714279e-02
1.297357142857142806e-02
1.252928571428571503e-02
1.043642857142857219e-02
1.183857142857142920e-02
1.228642857142857141e-02
1.326785714285714200e-02
1.117785714285714216e-02
1.072357142857142780e-02
1.083857142857142832e-02
1.060428571428571366e-02
1.081642857142857059e-02
1.167499999999999961e-02
1.038357142857142777e-02
1.091142857142857192e-02
1.192499999999999984e-02
1.093857142857142771e-02
1.009000000000000001e-02
1.136214285714285711e-02
1.118928571428571411e-02
1.152785714285714351e-02
1.051428571428571386e-02
1.247142857142857081e-02
9.890714285714285667e-03
1.034857142857142920e-02
9.869285714285714120e-03
1.038357142857142777e-02
1.016357142857142806e-02
9.624999999999999875e-03
9.857142857142857720e-03
1.039785714285714271e-02
1.037071428571428519e-02
1.154499999999999971e-02
1.058857142857142809e-02
9.733571428571428236e-03
1.029500000000000033e-02
1.034714285714285684e-02
1.051000000000000024e-02
9.800714285714285864e-03
9.560714285714285235e-03
8.559999999999999901e-03
1.085714285714285687e-02
8.907857142857142710e-03
9.768571428571428544e-03
9.432857142857142135e-03
1.085642857142857069e-02
9.558571428571428427e-03
9.439285714285714293e-03
9.524285714285714299e-03
9.028571428571429205e-03
8.683571428571429385e-03
9.645000000000000795e-03
9.066428571428570768e-03
1.001071428571428598e-02
8.872142857142857955e-03
9.780000000000000498e-03
9.613571428571427921e-03
9.955000000000000307e-03
9.628571428571429044e-03
9.039285714285714979e-03
8.580000000000000820e-03
8.895714285714286310e-03
8.708571428571428366e-03
9.857142857142857720e-03
8.319285714285714825e-03
8.964285714285714565e-03
8.889285714285714152e-03
8.374285714285714319e-03
9.520714285714285130e-03
8.517142857142856807e-03
8.370714285714285149e-03
8.429285714285713813e-03
8.832857142857142296e-03
8.762142857142857233e-03
7.933571428571428719e-03
8.407857142857142266e-03
8.598571428571429379e-03
9.022857142857143228e-03
7.942857142857142130e-03
8.765000000000000221e-03
7.756428571428571235e-03
8.066428571428571614e-03
7.806428571428571800e-03
7.402142857142857135e-03
8.986428571428572293e-03
9.262142857142857677e-03
7.347142857142856774e-03
7.766428571428571695e-03
7.794999999999999846e-03
7.911428571428570991e-03
8.193571428571428533e-03
7.455714285714286002e-03
7.432142857142856780e-03
7.772142857142856805e-03
8.302857142857143075e-03
7.737142857142857363e-03
8.282142857142857709e-03
7.868571428571427898e-03
7.346428571428571461e-03
7.387142857142856879e-03
7.422857142857142501e-03
7.104285714285714023e-03
7.069999999999999896e-03
6.817142857142857552e-03
7.727857142857143084e-03
7.727857142857143084e-03
8.153571428571428428e-03
8.369285714285714523e-03
7.085000000000000152e-03
7.461428571428571112e-03
7.190714285714285524e-03
7.058571428571428809e-03
7.254285714285713983e-03
7.998571428571427805e-03
7.102142857142857216e-03
6.901428571428571378e-03
6.438571428571428917e-03
7.216428571428571553e-03
7.238571428571428414e-03
7.378571428571428781e-03
7.356428571428571053e-03
7.089285714285714635e-03
7.514285714285714665e-03
7.382857142857143264e-03
6.881428571428571325e-03
7.477142857142857549e-03
6.822857142857142662e-03
7.212857142857143251e-03
6.459999999999999597e-03
7.212857142857143251e-03
7.457142857142857496e-03
6.527142857142857225e-03
7.063571428571428605e-03
6.275714285714285509e-03
6.916428571428571634e-03
7.660000000000000142e-03
6.628571428571428982e-03
6.897857142857143076e-03
6.597857142857143156e-03
6.947857142857142773e-03
7.317857142857142443e-03
6.561428571428571353e-03
6.587142857142857383e-03
6.957142857142857052e-03
6.513571428571428464e-03
6.621428571428571511e-03
6.698571428571428732e-03
6.307142857142857516e-03
6.873571428571428540e-03
6.485000000000000313e-03
6.565714285714285836e-03
7.107142857142857012e-03
6.484285714285714132e-03
6.397142857142857318e-03
6.434999999999999748e-03
5.920714285714286096e-03
5.925714285714285892e-03
6.678571428571428679e-03
6.107142857142856991e-03
6.342142857142856957e-03
6.405000000000000103e-03
6.176428571428571428e-03
6.667142857142856725e-03
6.365714285714285312e-03
6.000714285714285438e-03
6.087857142857143120e-03
6.436428571428571242e-03
6.018571428571428683e-03
6.473571428571428359e-03
6.246428571428571178e-03
6.372142857142857469e-03
6.168571428571428643e-03
5.743571428571428612e-03
5.986428571428571363e-03
6.322142857142856905e-03
6.514285714285714644e-03
5.789285714285714694e-03
6.411428571428571394e-03
5.839285714285714392e-03
5.579999999999999891e-03
5.755714285714285880e-03
6.376428571428571085e-03
6.009285714285714404e-03
5.900714285714286043e-03
5.604999999999999739e-03
5.866428571428571048e-03
6.049999999999999822e-03
6.252857142857142468e-03
6.400000000000000307e-03
5.779285714285714234e-03
6.214285714285713857e-03
5.664999999999999897e-03
5.608571428571428909e-03
6.109285714285714666e-03
5.549285714285714065e-03
5.817857142857142845e-03
5.687857142857142938e-03
5.635000000000000252e-03
5.541428571428571280e-03
5.633571428571428757e-03
5.796428571428571298e-03
5.603571428571428245e-03
5.758571428571428868e-03
5.528571428571428699e-03
5.318571428571428582e-03
5.699285714285714025e-03
5.255000000000000122e-03
5.429285714285714617e-03
5.768571428571428461e-03
5.727142857142856862e-03
5.610714285714285716e-03
5.523571428571428903e-03
6.200714285714285963e-03
5.441428571428571018e-03
5.153571428571428366e-03
5.616428571428571694e-03
5.794999999999999804e-03
5.544285714285714269e-03
5.478571428571429001e-03
5.789285714285714694e-03
5.705714285714285315e-03
5.389285714285714513e-03
5.164285714285714139e-03
5.655714285714285618e-03
5.167142857142857128e-03
5.584285714285714373e-03
5.399285714285714105e-03
5.091428571428571401e-03
5.410714285714286059e-03
5.322142857142856884e-03
5.757857142857142688e-03
5.186428571428570999e-03
5.668571428571428199e-03
5.702142857142857013e-03
5.219999999999999814e-03
5.142857142857142592e-03
5.335714285714285646e-03
5.048571428571428307e-03
5.377142857142857245e-03
5.267857142857142703e-03
5.387142857142856837e-03
5.482857142857142617e-03
5.279285714285714658e-03
5.131428571428571506e-03
5.345714285714286106e-03
5.540714285714285967e-03
5.212857142857143210e-03
5.129285714285714698e-03
5.322857142857143065e-03
4.983571428571428354e-03
5.422142857142857146e-03
5.264999999999999715e-03
5.040000000000000209e-03
4.783571428571428696e-03
4.951428571428571034e-03
5.355000000000000385e-03
5.284999999999999767e-03
5.346428571428571419e-03
4.951428571428571034e-03
5.017857142857142481e-03
5.486428571428571786e-03
5.172857142857143105e-03
5.213571428571428523e-03
5.103571428571428668e-03
4.825714285714285609e-03
4.924285714285714377e-03
4.929285714285714173e-03
5.129285714285714698e-03
4.897142857142856853e-03
5.134999999999999808e-03
5.286428571428571262e-03
4.986428571428571342e-03
5.259999999999999919e-03
4.972142857142857267e-03
4.927857142857142679e-03
4.848571428571428650e-03
4.987857142857142836e-03
4.927142857142857366e-03
4.810000000000000039e-03
4.914285714285713917e-03
4.976428571428571750e-03
4.375000000000000416e-03
4.548571428571428731e-03
4.895000000000000046e-03
4.950000000000000407e-03
4.646428571428571318e-03
4.875714285714285307e-03
4.729285714285714516e-03
4.794285714285714470e-03
4.915714285714285411e-03
4.770714285714286115e-03
4.627857142857142760e-03
4.788571428571428493e-03
4.985714285714286029e-03
4.537142857142856776e-03
4.609285714285714201e-03
4.766428571428571632e-03
4.627142857142857446e-03
5.013571428571428866e-03
4.675714285714285649e-03
4.692142857142857400e-03
4.801428571428571074e-03
4.364285714285714643e-03
4.867142857142857208e-03
4.738571428571428795e-03
4.819285714285714319e-03
4.660000000000000080e-03
4.624999999999999771e-03
4.711428571428571271e-03
4.482142857142857283e-03
4.559285714285714504e-03
4.624999999999999771e-03
4.683571428571428434e-03
4.730714285714286010e-03
4.592142857142857137e-03
4.582142857142857545e-03
4.854999999999999941e-03
4.706428571428571475e-03
4.875714285714285307e-03
4.443571428571428672e-03
4.603571428571428224e-03
4.271428571428571852e-03
4.720000000000000237e-03
4.389285714285714492e-03
4.550714285714285538e-03
4.505000000000000324e-03
4.648571428571428993e-03
4.633571428571428737e-03
4.690714285714285905e-03
4.429285714285714597e-03
4.821428571428571126e-03
4.357142857142857172e-03
4.347857142857142893e-03
4.504285714285714143e-03
4.304999999999999799e-03
4.553571428571428527e-03
4.288571428571428916e-03
4.462857142857142544e-03
4.582142857142857545e-03
4.507857142857142445e-03
4.615000000000000178e-03
4.476428571428571306e-03
4.649999999999999620e-03
4.250714285714285619e-03
4.579285714285714556e-03
4.281428571428571445e-03
4.537857142857142957e-03
4.600714285714286103e-03
4.277857142857143143e-03
4.269285714285714177e-03
4.446428571428571661e-03
4.378571428571428718e-03
4.346428571428571398e-03
4.372857142857142741e-03
4.165000000000000299e-03
4.409999999999999858e-03
4.337142857142857119e-03
4.392142857142857480e-03
4.567142857142857289e-03
4.290714285714285724e-03
4.385714285714285322e-03
4.165000000000000299e-03
4.194285714285714631e-03
4.439285714285714189e-03
4.360714285714285474e-03
4.235714285714285363e-03
4.337857142857142433e-03
4.491428571428571562e-03
4.192857142857143136e-03
4.295000000000000207e-03
4.303571428571428305e-03
4.069285714285714520e-03
4.379285714285714032e-03
4.037857142857142513e-03
4.253571428571428607e-03
4.177142857142857567e-03
4.213571428571428502e-03
4.156428571428571334e-03
4.347142857142856712e-03
4.084285714285713909e-03
4.291428571428571037e-03
4.106428571428571636e-03
4.239285714285714532e-03
4.211428571428571695e-03
4.222857142857142781e-03
4.116428571428571229e-03
4.267142857142857369e-03
4.398571428571428771e-03
4.212142857142857008e-03
4.017857142857142461e-03
4.290714285714285724e-03
4.192857142857143136e-03
4.208571428571428706e-03
4.014285714285714159e-03
4.264999999999999694e-03
4.152857142857143032e-03
3.972142857142857246e-03
4.270000000000000358e-03
4.350714285714285881e-03
4.008571428571428182e-03
4.080000000000000293e-03
4.172857142857143084e-03
4.325714285714286032e-03
3.925714285714285851e-03
4.192857142857143136e-03
4.058571428571428746e-03
4.242857142857142834e-03
4.051428571428571275e-03
4.117142857142857409e-03
4.055714285714285758e-03
3.857142857142857161e-03
4.079285714285714112e-03
4.044999999999999984e-03
4.205714285714285718e-03
4.375000000000000416e-03
3.933571428571428635e-03
4.160714285714285816e-03
3.915000000000000077e-03
3.907142857142857292e-03
3.919999999999999873e-03
3.905000000000000051e-03
4.027142857142856740e-03
3.993571428571428793e-03
4.152142857142856851e-03
3.961428571428571473e-03
3.959999999999999978e-03
4.034285714285714211e-03
4.245714285714285822e-03
4.076428571428571124e-03
4.051428571428571275e-03
3.976428571428571729e-03
4.037142857142857200e-03
3.823571428571428781e-03
3.814285714285714501e-03
3.910000000000000281e-03
4.137857142857142775e-03
3.984285714285714514e-03
3.791428571428571460e-03
3.917857142857143066e-03
3.938571428571428432e-03
4.039285714285714007e-03
3.928571428571428839e-03
4.132142857142856798e-03
4.097857142857142670e-03
3.980714285714285344e-03
3.892857142857142783e-03
3.967857142857142763e-03
4.165000000000000299e-03
3.969999999999999571e-03
3.943571428571428228e-03
3.914285714285713896e-03
3.870714285714285923e-03
3.978571428571428537e-03
3.910714285714285594e-03
3.920714285714286054e-03
3.915714285714285391e-03
3.900714285714285568e-03
3.903571428571428557e-03
3.788571428571428472e-03
4.016428571428571834e-03
3.773571428571428649e-03
3.880714285714285516e-03
3.902857142857142810e-03
3.950714285714285699e-03
3.860000000000000150e-03
3.830000000000000071e-03
3.961428571428571473e-03
3.692857142857142692e-03
4.075714285714285810e-03
3.850714285714285871e-03
3.771428571428571408e-03
3.708571428571428696e-03
3.765714285714285865e-03
3.752857142857142850e-03
3.786428571428571230e-03
3.767857142857142672e-03
3.917857142857143066e-03
3.617857142857142713e-03
3.873571428571428478e-03
3.761428571428571382e-03
3.693571428571428440e-03
3.848571428571428629e-03
3.722857142857142771e-03
3.787857142857142725e-03
3.752857142857142850e-03
3.832857142857143060e-03
3.892142857142857036e-03
3.652857142857143021e-03
3.694999999999999934e-03
3.874999999999999972e-03
3.874999999999999972e-03
3.682857142857142666e-03
3.853571428571428426e-03
3.694285714285714187e-03
3.589285714285714128e-03
3.593571428571428611e-03
3.779999999999999940e-03
3.646428571428571297e-03
3.678571428571428617e-03
3.690000000000000138e-03
3.710000000000000190e-03
3.724285714285714265e-03
3.756428571428571585e-03
3.554285714285714253e-03
3.742857142857142824e-03
3.615000000000000158e-03
3.621428571428571448e-03
3.650714285714285780e-03
3.666428571428571349e-03
3.656428571428571323e-03
3.565714285714285774e-03
3.664285714285714108e-03
3.826428571428571335e-03
3.720714285714285530e-03
3.595714285714285852e-03
3.560714285714285544e-03
3.712142857142856998e-03
3.568571428571428762e-03
3.804285714285714475e-03
3.650714285714285780e-03
3.640000000000000006e-03
3.732857142857142797e-03
3.693571428571428440e-03
3.689285714285714390e-03
3.583571428571428585e-03
3.557857142857142989e-03
3.662857142857143047e-03
3.647857142857142791e-03
3.704999999999999960e-03
3.534999999999999948e-03
3.707142857142857201e-03
3.542857142857142733e-03
3.735000000000000039e-03
3.864285714285714199e-03
3.684285714285714160e-03
3.779999999999999940e-03
3.615000000000000158e-03
3.765000000000000117e-03
3.504285714285714122e-03
3.727857142857143001e-03
3.633571428571428716e-03
3.650714285714285780e-03
3.524285714285714174e-03
3.672857142857143074e-03
3.552857142857142759e-03
3.533571428571428454e-03
3.683571428571428413e-03
3.805714285714285536e-03
3.502857142857143061e-03
3.869285714285714429e-03
3.624285714285714437e-03
3.485714285714285564e-03
3.482857142857143009e-03
3.696428571428571428e-03
3.625000000000000184e-03
3.457857142857142727e-03
3.608571428571428433e-03
3.457857142857142727e-03
3.617142857142856965e-03
3.480000000000000020e-03
3.692857142857142692e-03
3.366428571428571430e-03
3.520000000000000125e-03
3.612142857142857169e-03
3.381428571428571252e-03
3.560714285714285544e-03
3.655714285714285576e-03
3.577857142857143041e-03
3.510714285714285846e-03
3.686428571428571402e-03
3.650000000000000033e-03
3.555714285714285747e-03
3.426428571428571587e-03
3.622142857142857195e-03
3.512857142857142654e-03
3.534285714285714201e-03
3.589999999999999875e-03
3.450714285714285689e-03
3.532142857142856959e-03
3.360000000000000139e-03
3.533571428571428454e-03
3.514999999999999895e-03
3.472142857142857236e-03
3.491428571428571541e-03
3.450714285714285689e-03
3.527857142857142910e-03
3.492142857142857288e-03
3.417142857142857308e-03
3.452142857142857183e-03
3.496428571428571337e-03
3.572857142857142811e-03
3.440714285714285663e-03
3.605000000000000131e-03
3.491428571428571541e-03
3.463571428571428704e-03
3.435714285714285866e-03
3.411428571428571331e-03
3.299285714285714235e-03
3.517142857142857137e-03
3.442857142857142904e-03
3.382857142857142747e-03
3.468571428571428500e-03
3.465714285714285511e-03
3.624285714285714437e-03
3.489285714285714299e-03
3.411428571428571331e-03
3.495714285714285590e-03
3.357857142857142898e-03
3.502142857142857314e-03
3.520714285714285872e-03
3.589285714285714128e-03
3.427142857142857334e-03
3.365714285714285683e-03
3.422142857142857104e-03
3.332857142857143049e-03
3.459285714285714221e-03
3.412857142857142825e-03
3.421428571428571357e-03
3.366428571428571430e-03
3.240714285714285572e-03
3.367857142857142924e-03
3.378571428571428698e-03
3.486428571428571311e-03
3.449285714285714195e-03
3.326428571428571325e-03
3.473571428571428730e-03
3.472857142857142983e-03
3.347142857142857125e-03
3.474285714285714477e-03
3.473571428571428730e-03
3.486428571428571311e-03
3.312142857142857250e-03
3.308571428571428514e-03
3.484999999999999817e-03
3.378571428571428698e-03
3.345714285714285630e-03
3.307857142857142767e-03
3.386428571428571482e-03
3.274285714285714386e-03
3.485714285714285564e-03
3.420714285714285610e-03
3.374285714285714215e-03
3.403571428571428546e-03
3.377142857142857203e-03
3.425714285714285840e-03
3.320000000000000034e-03
3.285714285714285907e-03
3.401428571428571305e-03
3.379285714285714445e-03
3.322142857142857276e-03
3.337142857142857098e-03
3.346428571428571377e-03
3.330000000000000061e-03
3.165714285714285592e-03
3.296428571428571246e-03
3.416428571428571561e-03
3.351428571428571607e-03
3.332857142857143049e-03
3.292142857142857197e-03
3.265714285714285854e-03
3.391428571428571279e-03
3.251428571428571345e-03
3.324285714285714084e-03
3.399999999999999811e-03
3.314285714285714491e-03
3.380714285714285505e-03
3.238571428571428764e-03
3.353571428571428415e-03
3.315714285714285552e-03
3.280714285714285677e-03
3.310000000000000008e-03
3.365714285714285683e-03
3.286428571428571220e-03
3.364999999999999936e-03
3.371428571428571226e-03
3.333571428571428363e-03
3.366428571428571430e-03
3.209285714285714432e-03
3.316428571428571299e-03
3.286428571428571220e-03
3.357857142857142898e-03
3.450714285714285689e-03
3.243571428571428560e-03
3.265714285714285854e-03
3.265714285714285854e-03
3.289285714285714209e-03
3.327142857142857072e-03
3.277857142857142688e-03
3.225714285714285749e-03
3.269285714285714156e-03
3.275000000000000133e-03
3.301428571428571476e-03
3.361428571428571634e-03
3.279285714285714182e-03
3.170714285714285822e-03
3.212857142857142734e-03
3.247142857142857296e-03
3.346428571428571377e-03
3.184999999999999897e-03
3.192857142857142682e-03
3.227857142857142991e-03
3.075714285714285789e-03
3.227857142857142991e-03
3.208571428571428685e-03
3.203571428571428455e-03
3.187857142857142886e-03
3.317857142857142793e-03
3.288571428571428461e-03
3.303571428571428718e-03
3.214285714285714229e-03
3.236428571428571523e-03
3.247142857142857296e-03
3.212857142857142734e-03
3.322857142857143023e-03
3.211428571428571240e-03
3.084285714285714321e-03
3.316428571428571299e-03
3.109999999999999917e-03
3.191428571428571621e-03
3.166428571428571339e-03
3.228571428571428738e-03
3.255714285714285828e-03
3.214285714285714229e-03
3.262142857142857118e-03
3.139285714285714249e-03
3.329285714285714314e-03
3.164285714285714098e-03
3.282857142857142918e-03
3.263571428571428613e-03
3.259285714285714130e-03
3.172857142857143063e-03
3.109999999999999917e-03
3.311428571428571502e-03
3.339285714285714340e-03
3.170714285714285822e-03
3.198571428571428659e-03
3.253571428571428586e-03
3.075714285714285789e-03
3.232142857142857040e-03
3.306428571428571273e-03
3.212857142857142734e-03
3.194285714285714176e-03
3.168571428571428580e-03
3.100714285714285638e-03
3.186428571428571391e-03
3.031428571428571635e-03
3.132142857142857211e-03
3.287857142857142714e-03
3.200714285714285900e-03
3.222857142857142761e-03
3.139285714285714249e-03
3.335714285714285604e-03
3.184999999999999897e-03
3.066428571428571510e-03
3.265714285714285854e-03
3.220714285714285519e-03
3.216428571428571470e-03
3.129999999999999970e-03
3.281428571428571424e-03
3.102142857142857132e-03
3.095000000000000095e-03
3.065000000000000016e-03
3.161428571428571543e-03
3.218571428571428712e-03
3.107857142857142676e-03
3.192142857142856935e-03
3.139999999999999996e-03
3.142857142857142985e-03
3.230714285714285545e-03
3.150000000000000022e-03
3.146428571428571287e-03
3.187142857142857139e-03
3.076428571428571537e-03
3.215714285714285723e-03
3.122857142857142932e-03
3.127142857142856981e-03
3.099285714285714144e-03
3.100714285714285638e-03
3.131428571428571464e-03
3.159285714285714301e-03
3.077857142857143031e-03
3.097857142857142650e-03
3.163571428571428784e-03
3.182857142857142656e-03
3.135000000000000200e-03
3.086428571428571563e-03
3.143571428571428732e-03
3.021428571428571609e-03
3.232857142857142787e-03
3.047142857142857205e-03
3.191428571428571621e-03
3.094285714285714348e-03
3.108571428571428423e-03
3.070714285714285560e-03
3.119285714285714196e-03
3.237857142857143017e-03
3.172857142857143063e-03
3.125000000000000173e-03
3.060714285714285533e-03
3.184285714285714150e-03
3.090714285714285612e-03
3.164285714285714098e-03
3.129285714285714223e-03
2.992857142857143025e-03
3.131428571428571464e-03
3.212142857142856987e-03
3.097857142857142650e-03
3.116428571428571642e-03
3.005714285714285606e-03
3.046428571428571458e-03
3.017142857142857126e-03
3.130714285714285717e-03
3.047857142857142952e-03
3.145714285714285539e-03
3.049285714285714446e-03
3.092857142857142853e-03
3.016428571428571379e-03
3.176428571428571365e-03
3.126428571428571234e-03
3.078571428571428778e-03
3.007857142857142847e-03
3.057857142857142978e-03
3.177857142857142859e-03
3.032142857142856949e-03
3.131428571428571464e-03
3.085714285714285816e-03
3.125000000000000173e-03
3.095000000000000095e-03
3.034285714285714190e-03
3.037142857142857179e-03
3.034999999999999937e-03
3.058571428571428726e-03
3.092142857142857106e-03
3.097857142857142650e-03
3.069285714285714499e-03
3.005714285714285606e-03
3.086428571428571563e-03
2.996428571428571327e-03
3.127857142857142728e-03
3.051428571428571254e-03
3.170000000000000075e-03
3.002142857142857304e-03
3.057142857142857231e-03
3.058571428571428726e-03
2.962142857142857199e-03
3.047142857142857205e-03
3.017857142857142873e-03
3.110714285714285664e-03
3.147857142857142781e-03
3.071428571428571307e-03
3.142857142857142985e-03
3.187857142857142886e-03
3.030714285714285888e-03
2.965000000000000187e-03
2.967142857142856995e-03
3.048571428571428699e-03
2.974285714285714467e-03
2.997857142857142821e-03
2.938571428571428411e-03
3.010714285714285836e-03
2.997857142857142821e-03
2.984285714285714493e-03
2.946428571428571629e-03
3.092857142857142853e-03
3.125714285714285921e-03
3.091428571428571359e-03
3.071428571428571307e-03
3.089285714285714118e-03
3.029285714285714394e-03
3.013571428571428391e-03
3.001428571428571557e-03
3.040000000000000167e-03
2.975714285714285527e-03
2.969285714285714237e-03
3.002142857142857304e-03
2.935000000000000109e-03
3.034285714285714190e-03
3.014285714285714138e-03
2.985714285714285553e-03
2.963571428571428693e-03
2.987142857142857048e-03
2.980000000000000010e-03
3.110714285714285664e-03
3.040714285714285915e-03
2.930714285714285626e-03
3.010000000000000089e-03
3.002142857142857304e-03
3.059285714285714473e-03
2.946428571428571629e-03
2.955714285714285908e-03
2.997857142857142821e-03
3.048571428571428699e-03
3.027857142857142900e-03
3.020714285714285862e-03
2.972857142857142972e-03
2.981428571428571504e-03
3.044999999999999964e-03
3.047857142857142952e-03
2.985714285714285553e-03
3.014999999999999885e-03
2.929999999999999879e-03
2.929999999999999879e-03
2.978571428571428516e-03
2.954285714285714414e-03
2.961428571428571452e-03
2.967857142857142742e-03
2.947142857142856943e-03
3.011428571428571583e-03
3.062142857142857028e-03
3.011428571428571583e-03
2.945000000000000135e-03
2.990000000000000036e-03
2.999285714285714315e-03
2.937142857142857350e-03
3.025714285714285658e-03
2.925714285714285830e-03
2.962142857142857199e-03
2.915714285714285803e-03
3.009285714285714342e-03
3.000714285714285810e-03
2.989285714285714289e-03
2.939999999999999905e-03
2.925714285714285830e-03
2.989285714285714289e-03
2.997857142857142821e-03
2.985714285714285553e-03
2.920714285714285600e-03
3.035714285714285685e-03
2.924285714285714335e-03
2.947857142857142690e-03
2.958571428571428463e-03
2.991428571428571530e-03
2.992142857142857278e-03
3.024999999999999911e-03
2.959999999999999958e-03
2.917142857142857298e-03
2.902857142857142789e-03
2.907857142857143019e-03
2.965000000000000187e-03
2.971428571428571478e-03
2.936428571428571603e-03
2.939999999999999905e-03
3.037142857142857179e-03
2.932857142857142867e-03
3.038571428571428673e-03
2.892857142857142762e-03
2.958571428571428463e-03
2.967142857142856995e-03
2.952142857142857173e-03
2.965000000000000187e-03
2.880714285714285929e-03
2.838571428571428582e-03
2.931428571428571373e-03
2.969999999999999984e-03
2.937857142857142664e-03
2.987857142857142795e-03
3.027857142857142900e-03
3.050000000000000194e-03
2.943571428571428641e-03
2.854999999999999899e-03
2.962857142857142946e-03
2.960714285714285705e-03
3.002857142857143051e-03
2.852142857142857344e-03
2.978571428571428516e-03
2.929285714285714132e-03
2.908571428571428766e-03
2.955000000000000161e-03
2.884285714285714231e-03
2.887857142857142966e-03
2.944285714285714388e-03
2.895714285714285751e-03
2.951428571428571426e-03
2.942857142857142894e-03
2.965000000000000187e-03
2.901428571428571294e-03
2.932142857142857120e-03
2.874285714285714204e-03
2.959285714285714210e-03
2.977142857142857021e-03
2.880714285714285929e-03
2.871428571428571216e-03
2.923571428571428588e-03
2.953571428571428667e-03
2.915000000000000056e-03
2.947142857142856943e-03
2.929999999999999879e-03
2.899285714285714487e-03
2.844999999999999873e-03
2.919999999999999853e-03
2.979285714285714263e-03
2.915714285714285803e-03
2.888571428571428713e-03
2.927142857142857324e-03
2.820000000000000024e-03
2.864285714285714178e-03
2.916428571428571551e-03
2.933571428571428615e-03
2.840000000000000076e-03
2.978571428571428516e-03
2.927142857142857324e-03
2.884999999999999978e-03
2.886428571428571472e-03
2.935000000000000109e-03
2.893571428571428510e-03
2.907142857142857272e-03
2.872142857142856963e-03
2.800714285714285719e-03
2.946428571428571629e-03
2.832142857142857292e-03
2.866428571428571419e-03
2.925000000000000083e-03
2.846428571428571367e-03
2.910714285714285574e-03
2.882857142857142736e-03
2.894285714285714257e-03
2.876428571428571446e-03
2.833571428571428786e-03
2.877857142857142940e-03
2.948571428571428437e-03
2.851428571428571597e-03
2.818571428571428530e-03
2.848571428571428608e-03
2.899285714285714487e-03
2.886428571428571472e-03
2.844999999999999873e-03
2.835714285714285594e-03
2.838571428571428582e-03
2.901428571428571294e-03
2.823571428571428760e-03
2.922857142857142841e-03
2.897857142857142992e-03
2.950714285714285678e-03
2.949999999999999931e-03
2.870714285714285902e-03
2.854999999999999899e-03
2.852857142857142658e-03
2.871428571428571216e-03
2.907857142857143019e-03
2.834285714285714099e-03
2.851428571428571597e-03
2.900714285714285547e-03
2.792857142857142934e-03
2.848571428571428608e-03
2.819285714285714277e-03
2.837142857142857088e-03
2.922142857142857094e-03
2.827857142857142809e-03
2.866428571428571419e-03
2.854999999999999899e-03
2.835714285714285594e-03
2.850714285714285850e-03
2.763571428571428602e-03
2.900714285714285547e-03
2.913571428571428562e-03
2.854285714285714152e-03
2.829285714285714303e-03
2.864285714285714178e-03
2.916428571428571551e-03
2.781428571428571413e-03
2.827142857142857062e-03
2.805714285714285515e-03
2.782857142857142908e-03
2.850000000000000103e-03
2.833571428571428786e-03
2.814285714285714481e-03
2.813571428571428733e-03
2.888571428571428713e-03
2.959999999999999958e-03
2.806428571428571262e-03
2.854285714285714152e-03
2.797142857142856983e-03
2.882857142857142736e-03
2.793571428571428681e-03
2.881428571428571242e-03
2.892857142857142762e-03
2.884999999999999978e-03
2.909999999999999826e-03
2.932142857142857120e-03
2.854999999999999899e-03
2.890000000000000208e-03
2.847857142857142861e-03
2.824285714285714073e-03
2.801428571428571466e-03
2.837142857142857088e-03
2.771428571428571387e-03
2.840000000000000076e-03
2.841428571428571571e-03
2.858571428571428635e-03
2.879285714285714434e-03
2.759999999999999867e-03
2.933571428571428615e-03
2.862142857142856937e-03
2.902142857142857042e-03
2.838571428571428582e-03
2.756428571428571565e-03
2.827857142857142809e-03
2.830000000000000050e-03
2.841428571428571571e-03
2.766428571428571591e-03
2.777857142857142678e-03
2.886428571428571472e-03
2.837142857142857088e-03
2.817857142857142783e-03
2.789999999999999945e-03
2.843571428571428378e-03
2.869285714285714408e-03
2.884285714285714231e-03
2.787142857142856957e-03
2.814999999999999794e-03
2.895000000000000004e-03
2.682857142857142645e-03
2.791428571428571440e-03
2.816428571428571288e-03
2.754285714285714323e-03
2.745714285714285791e-03
2.811428571428571492e-03
2.820714285714285771e-03
2.813571428571428733e-03
2.811428571428571492e-03
2.842857142857143065e-03
2.805714285714285515e-03
2.772857142857142881e-03
2.776428571428571617e-03
2.874285714285714204e-03
2.833571428571428786e-03
2.818571428571428530e-03
2.847142857142857114e-03
2.755000000000000070e-03
2.852142857142857344e-03
2.807857142857142756e-03
2.807857142857142756e-03
2.830714285714285797e-03
2.742142857142857056e-03
2.803571428571428707e-03
2.769285714285714146e-03
2.793571428571428681e-03
2.836428571428571341e-03
2.832857142857143039e-03
2.714999999999999965e-03
2.860714285714285876e-03
2.770714285714285640e-03
2.856428571428571393e-03
2.787857142857142704e-03
2.790714285714285692e-03
2.747857142857143033e-03
2.866428571428571419e-03
2.752857142857142829e-03
2.799999999999999972e-03
2.777857142857142678e-03
2.840000000000000076e-03
2.809285714285714251e-03
2.799999999999999972e-03
2.861428571428571623e-03
2.709285714285714422e-03
2.784285714285714402e-03
2.737142857142857259e-03
2.777857142857142678e-03
2.741428571428571308e-03
2.745000000000000044e-03
2.729999999999999788e-03
2.757857142857143059e-03
2.785714285714285896e-03
2.806428571428571262e-03
2.837142857142857088e-03
2.747142857142857286e-03
2.819285714285714277e-03
2.707857142857142928e-03
2.772142857142857134e-03
2.777142857142856931e-03
2.747142857142857286e-03
2.845714285714285620e-03
2.729999999999999788e-03
2.759999999999999867e-03
2.810714285714285745e-03
2.716428571428571460e-03
2.787857142857142704e-03
2.732142857142857029e-03
2.808571428571428504e-03
2.765000000000000097e-03
2.757857142857143059e-03
2.726428571428571486e-03
2.692857142857142672e-03
2.786428571428571643e-03
2.739999999999999814e-03
2.774285714285714376e-03
2.808571428571428504e-03
2.742857142857142803e-03
2.806428571428571262e-03
2.788571428571428451e-03
2.760714285714285614e-03
2.814999999999999794e-03
2.730714285714285535e-03
2.755714285714285817e-03
2.702142857142856951e-03
2.739285714285714501e-03
2.774285714285714376e-03
2.754285714285714323e-03
2.786428571428571643e-03
2.724285714285714245e-03
2.737142857142857259e-03
2.775714285714285870e-03
2.745714285714285791e-03
2.789285714285714198e-03
2.809999999999999998e-03
2.741428571428571308e-03
2.735714285714285765e-03
2.778571428571428425e-03
2.748571428571428780e-03
2.737142857142857259e-03
2.726428571428571486e-03
2.678571428571428596e-03
2.720714285714285509e-03
2.746428571428571538e-03
2.714999999999999965e-03
2.737142857142857259e-03
2.740714285714285561e-03
2.704285714285714192e-03
2.694999999999999913e-03
2.757857142857143059e-03
2.792142857142857187e-03
2.742857142857142803e-03
2.700714285714285890e-03
2.708571428571428675e-03
2.760714285714285614e-03
2.741428571428571308e-03
2.786428571428571643e-03
2.680714285714285838e-03
2.772857142857142881e-03
2.737857142857143006e-03
2.722857142857142750e-03
2.752142857142857082e-03
2.759999999999999867e-03
2.712142857142856977e-03
2.706428571428571433e-03
2.747142857142857286e-03
2.772142857142857134e-03
2.761428571428571361e-03
2.755714285714285817e-03
2.777142857142856931e-03
2.822857142857143013e-03
2.757142857142857312e-03
2.736428571428571512e-03
2.700000000000000143e-03
2.681428571428571585e-03
2.694999999999999913e-03
2.762142857142857108e-03
2.710714285714285916e-03
2.749999999999999840e-03
2.707142857142857181e-03
2.703571428571428445e-03
2.727857142857142980e-03
2.705714285714285686e-03
2.694999999999999913e-03
2.699285714285714396e-03
2.715714285714285713e-03
2.776428571428571617e-03
2.739285714285714501e-03
2.707857142857142928e-03
2.732142857142857029e-03
2.766428571428571591e-03
2.747857142857143033e-03
2.704999999999999939e-03
2.838571428571428582e-03
2.731428571428571282e-03
2.768571428571428399e-03
2.747857142857143033e-03
2.765000000000000097e-03
2.678571428571428596e-03
2.679285714285714343e-03
2.717857142857142954e-03
2.667857142857142823e-03
2.751428571428571335e-03
2.712142857142856977e-03
2.654999999999999808e-03
2.693571428571428419e-03
2.735714285714285765e-03
2.724285714285714245e-03
2.674285714285714113e-03
2.664999999999999834e-03
2.732857142857142776e-03
2.664285714285714087e-03
2.700714285714285890e-03
2.706428571428571433e-03
2.709285714285714422e-03
2.844285714285714126e-03
2.777857142857142678e-03
2.709285714285714422e-03
2.680000000000000090e-03
2.713571428571428471e-03
2.691428571428571611e-03
2.690714285714285864e-03
2.697857142857142902e-03
2.759999999999999867e-03
2.706428571428571433e-03
2.691428571428571611e-03
2.721428571428571256e-03
2.645714285714285529e-03
2.707142857142857181e-03
2.718571428571428701e-03
2.771428571428571387e-03
2.691428571428571611e-03
2.756428571428571565e-03
2.645000000000000216e-03
2.687142857142857128e-03
2.699285714285714396e-03
2.662142857142857279e-03
2.788571428571428451e-03
2.735000000000000018e-03
2.699285714285714396e-03
2.710000000000000169e-03
2.672142857142857306e-03
2.753571428571428576e-03
2.629285714285714212e-03
2.718571428571428701e-03
2.639999999999999986e-03
2.662857142857143027e-03
2.704285714285714192e-03
2.715714285714285713e-03
2.645000000000000216e-03
2.669285714285714317e-03
2.753571428571428576e-03
2.771428571428571387e-03
2.661428571428571532e-03
2.699285714285714396e-03
2.721428571428571256e-03
2.605714285714285858e-03
2.727857142857142980e-03
2.645000000000000216e-03
2.642142857142857227e-03
2.671428571428571559e-03
2.638571428571428491e-03
2.714999999999999965e-03
2.673571428571428366e-03
2.645714285714285529e-03
2.723571428571428497e-03
2.679285714285714343e-03
2.710000000000000169e-03
2.664285714285714087e-03
2.675714285714285608e-03
2.685714285714285634e-03
2.659285714285714291e-03
2.698571428571428649e-03
2.674999999999999861e-03
2.650714285714285759e-03
2.650714285714285759e-03
2.667142857142857076e-03
2.722857142857142750e-03
2.618571428571428439e-03
2.651428571428571506e-03
2.720714285714285509e-03
2.662857142857143027e-03
2.648571428571428518e-03
2.670000000000000064e-03
2.623571428571428669e-03
2.675714285714285608e-03
2.722857142857142750e-03
2.637142857142856997e-03
2.652857142857143000e-03
2.712857142857142724e-03
2.754285714285714323e-03
2.675714285714285608e-03
2.669285714285714317e-03
2.684285714285714140e-03
2.701428571428571637e-03
2.639285714285714238e-03
2.628571428571428465e-03
2.648571428571428518e-03
2.729285714285714474e-03
2.765000000000000097e-03
2.623571428571428669e-03
2.624285714285714416e-03
2.648571428571428518e-03
2.745714285714285791e-03
2.697857142857142902e-03
2.700000000000000143e-03
2.680714285714285838e-03
2.670000000000000064e-03
2.683571428571428392e-03
2.657857142857142797e-03
2.620714285714285680e-03
2.599999999999999881e-03
2.702857142857142698e-03
2.622142857142857175e-03
2.650000000000000012e-03
2.642857142857142974e-03
2.687142857142857128e-03
2.607857142857142665e-03
2.687857142857142875e-03
2.518571428571428610e-03
2.567142857142857247e-03
2.621428571428571427e-03
2.793571428571428681e-03
2.691428571428571611e-03
2.568571428571428741e-03
2.709285714285714422e-03
2.617857142857142692e-03
2.708571428571428675e-03
2.591428571428571349e-03
2.735000000000000018e-03
2.610714285714285654e-03
2.672857142857143053e-03
2.686428571428571381e-03
2.695714285714285660e-03
2.663571428571428774e-03
2.632857142857142948e-03
2.713571428571428471e-03
2.652142857142857253e-03
2.687857142857142875e-03
2.639999999999999986e-03
2.677857142857142849e-03
2.668571428571428570e-03
2.662857142857143027e-03
2.751428571428571335e-03
2.710714285714285916e-03
2.650000000000000012e-03
2.592142857142857096e-03
2.659285714285714291e-03
2.632857142857142948e-03
2.623571428571428669e-03
2.624285714285714416e-03
2.642142857142857227e-03
2.683571428571428392e-03
2.709285714285714422e-03
2.649285714285714265e-03
2.709285714285714422e-03
2.633571428571428695e-03
2.668571428571428570e-03
2.642142857142857227e-03
2.703571428571428445e-03
2.600714285714285628e-03
2.605714285714285858e-03
2.680714285714285838e-03
2.659285714285714291e-03
2.634285714285714442e-03
2.647142857142857023e-03
2.670000000000000064e-03
2.617857142857142692e-03
2.569999999999999802e-03
2.586428571428571552e-03
2.666428571428571329e-03
2.680714285714285838e-03
2.622142857142857175e-03
2.616428571428571631e-03
2.584285714285714311e-03
2.561428571428571270e-03
2.617857142857142692e-03
2.686428571428571381e-03
2.647857142857142770e-03
2.645000000000000216e-03
2.644285714285714468e-03
2.597857142857143073e-03
2.642857142857142974e-03
2.577142857142857273e-03
2.549285714285714436e-03
2.616428571428571631e-03
2.625000000000000163e-03
2.567142857142857247e-03
2.592857142857142843e-03
2.643571428571428721e-03
2.624285714285714416e-03
2.632142857142857201e-03
2.685714285714285634e-03
2.589285714285714107e-03
2.635000000000000189e-03
2.624285714285714416e-03
2.625714285714285910e-03
2.613571428571428643e-03
2.689285714285714370e-03
2.540714285714285904e-03
2.646428571428571276e-03
2.701428571428571637e-03
2.592142857142857096e-03
2.563571428571428511e-03
2.616428571428571631e-03
2.604285714285714363e-03
2.660714285714285785e-03
2.622857142857142922e-03
2.607142857142857352e-03
2.587857142857143047e-03
2.612142857142857148e-03
2.595000000000000084e-03
2.650000000000000012e-03
2.604285714285714363e-03
2.638571428571428491e-03
2.635000000000000189e-03
2.621428571428571427e-03
2.665714285714285581e-03
2.676428571428571355e-03
2.612857142857142895e-03
2.601428571428571375e-03
2.616428571428571631e-03
2.605000000000000111e-03
2.551428571428571244e-03
2.630714285714285706e-03
2.640714285714285733e-03
2.739999999999999814e-03
2.621428571428571427e-03
2.654285714285714495e-03
2.600714285714285628e-03
2.681428571428571585e-03
2.562857142857142764e-03
2.554285714285714232e-03
2.597857142857143073e-03
2.628571428571428465e-03
2.659285714285714291e-03
2.605714285714285858e-03
2.621428571428571427e-03
2.597857142857143073e-03
2.582142857142857070e-03
2.684285714285714140e-03
2.617142857142856945e-03
2.602142857142857122e-03
2.605714285714285858e-03
2.587142857142857300e-03
2.637857142857142744e-03
2.595000000000000084e-03
2.573571428571428538e-03
2.599285714285714134e-03
2.605000000000000111e-03
2.607142857142857352e-03
2.642857142857142974e-03
2.621428571428571427e-03
2.667142857142857076e-03
2.582857142857142817e-03
2.607142857142857352e-03
2.602142857142857122e-03
2.637142857142856997e-03
2.621428571428571427e-03
2.587142857142857300e-03
2.542857142857142712e-03
2.565000000000000006e-03
2.596428571428571579e-03
2.557142857142857221e-03
2.645714285714285529e-03
2.575000000000000032e-03
2.582857142857142817e-03
2.595000000000000084e-03
2.568571428571428741e-03
2.575714285714285779e-03
2.586428571428571552e-03
2.548571428571428689e-03
2.610714285714285654e-03
2.567857142857142994e-03
2.602857142857142869e-03
2.612142857142857148e-03
2.632857142857142948e-03
2.568571428571428741e-03
2.602142857142857122e-03
2.615714285714285884e-03
2.589999999999999854e-03
2.661428571428571532e-03
2.602142857142857122e-03
2.555714285714285727e-03
2.576428571428571526e-03
2.568571428571428741e-03
2.564285714285714259e-03
2.593571428571428590e-03
2.595000000000000084e-03
2.612857142857142895e-03
2.554285714285714232e-03
2.543571428571428459e-03
2.586428571428571552e-03
2.546428571428571448e-03
2.576428571428571526e-03
2.549285714285714436e-03
2.587857142857143047e-03
2.639999999999999986e-03
2.632857142857142948e-03
2.643571428571428721e-03
2.552142857142856991e-03
2.619285714285714186e-03
2.542142857142856965e-03
2.517142857142857116e-03
2.588571428571428360e-03
2.601428571428571375e-03
2.575714285714285779e-03
2.559285714285714462e-03
2.586428571428571552e-03
2.569285714285714489e-03
2.572857142857142791e-03
2.543571428571428459e-03
2.615714285714285884e-03
2.628571428571428465e-03
2.570714285714285549e-03
2.576428571428571526e-03
2.523571428571428407e-03
2.600714285714285628e-03
2.545714285714285700e-03
2.595000000000000084e-03
2.577857142857143020e-03
2.554999999999999979e-03
2.579285714285714081e-03
2.659285714285714291e-03
2.553571428571428485e-03
2.590714285714285602e-03
2.654999999999999808e-03
2.622142857142857175e-03
2.527142857142857142e-03
2.626428571428571224e-03
2.540714285714285904e-03
2.561428571428571270e-03
2.585000000000000058e-03
2.628571428571428465e-03
2.581428571428571322e-03
2.537142857142857168e-03
2.577857142857143020e-03
2.567857142857142994e-03
2.602142857142857122e-03
2.539285714285714410e-03
2.602857142857142869e-03
2.573571428571428538e-03
2.572142857142857043e-03
2.523571428571428407e-03
2.532857142857142686e-03
2.607857142857142665e-03
2.577142857142857273e-03
2.591428571428571349e-03
2.635714285714285503e-03
2.589999999999999854e-03
2.580714285714285575e-03
2.589285714285714107e-03
2.569999999999999802e-03
2.517857142857142863e-03
2.573571428571428538e-03
2.573571428571428538e-03
2.547142857142857195e-03
2.496428571428571316e-03
2.557142857142857221e-03
2.581428571428571322e-03
2.552142857142856991e-03
2.577857142857143020e-03
2.572142857142857043e-03
2.544285714285714206e-03
2.562142857142857017e-03
2.562857142857142764e-03
2.554999999999999979e-03
2.591428571428571349e-03
2.565714285714285753e-03
2.556428571428571474e-03
2.639285714285714238e-03
2.614285714285714390e-03
2.564285714285714259e-03
2.520714285714285852e-03
2.542142857142856965e-03
2.542142857142856965e-03
2.531428571428571625e-03
2.585000000000000058e-03
2.575714285714285779e-03
2.532857142857142686e-03
2.582142857142857070e-03
2.582142857142857070e-03
2.521428571428571599e-03
2.533571428571428433e-03
2.541428571428571218e-03
2.522142857142857346e-03
2.558571428571428715e-03
2.569285714285714489e-03
2.541428571428571218e-03
2.547142857142857195e-03
2.537857142857142916e-03
2.572142857142857043e-03
2.523571428571428407e-03
2.514999999999999875e-03
2.592142857142857096e-03
2.527857142857142889e-03
2.507142857142857090e-03
2.514999999999999875e-03
2.557857142857142968e-03
2.487857142857142784e-03
2.597857142857143073e-03
2.591428571428571349e-03
2.565000000000000006e-03
2.558571428571428715e-03
2.595000000000000084e-03
2.595714285714285832e-03
2.482857142857142988e-03
2.507857142857142837e-03
2.500000000000000052e-03
2.537857142857142916e-03
2.506428571428571343e-03
2.567142857142857247e-03
2.550714285714285930e-03
2.509285714285714331e-03
2.577142857142857273e-03
2.508571428571428584e-03
2.526428571428571395e-03
2.534285714285714180e-03
2.540714285714285904e-03
2.556428571428571474e-03
2.585000000000000058e-03
2.545714285714285700e-03
2.613571428571428643e-03
2.520000000000000104e-03
2.557142857142857221e-03
2.524285714285714154e-03
2.538571428571428663e-03
2.562142857142857017e-03
2.549285714285714436e-03
2.621428571428571427e-03
2.547857142857142942e-03
2.565714285714285753e-03
2.492142857142857267e-03
2.530000000000000131e-03
2.582857142857142817e-03
2.597857142857143073e-03
2.611428571428571401e-03
2.558571428571428715e-03
2.587857142857143047e-03
2.611428571428571401e-03
2.535714285714285674e-03
2.510000000000000078e-03
2.535714285714285674e-03
2.541428571428571218e-03
2.537857142857142916e-03
2.524285714285714154e-03
2.520000000000000104e-03
2.477142857142857011e-03
2.563571428571428511e-03
2.560714285714285523e-03
2.559285714285714462e-03
2.575000000000000032e-03
2.555714285714285727e-03
2.560714285714285523e-03
2.591428571428571349e-03
2.602142857142857122e-03
2.557142857142857221e-03
2.492857142857143014e-03
2.514285714285714127e-03
2.542142857142856965e-03
2.520714285714285852e-03
2.542857142857142712e-03
2.557857142857142968e-03
2.567857142857142994e-03
2.544285714285714206e-03
2.547142857142857195e-03
2.534285714285714180e-03
2.550714285714285930e-03
2.554285714285714232e-03
2.600714285714285628e-03
2.542142857142856965e-03
2.518571428571428610e-03
2.493571428571428761e-03
2.508571428571428584e-03
2.530000000000000131e-03
2.544285714285714206e-03
2.510000000000000078e-03
2.577142857142857273e-03
2.528571428571428636e-03
2.556428571428571474e-03
2.546428571428571448e-03
2.524999999999999901e-03
2.512857142857143067e-03
2.499285714285714305e-03
2.545714285714285700e-03
2.508571428571428584e-03
2.520000000000000104e-03
2.523571428571428407e-03
2.569285714285714489e-03
2.492142857142857267e-03
2.522857142857142659e-03
2.476428571428571264e-03
2.521428571428571599e-03
2.490000000000000026e-03
2.575000000000000032e-03
2.499285714285714305e-03
2.527142857142857142e-03
2.532142857142856938e-03
2.547142857142857195e-03
2.548571428571428689e-03
2.526428571428571395e-03
2.455000000000000151e-03
2.597857142857143073e-03
2.581428571428571322e-03
2.550000000000000183e-03
2.582142857142857070e-03
2.481428571428571494e-03
2.510000000000000078e-03
2.514999999999999875e-03
2.483571428571428735e-03
2.599285714285714134e-03
2.528571428571428636e-03
2.531428571428571625e-03
2.542142857142856965e-03
2.472142857142857215e-03
2.472857142857142962e-03
2.462142857142857189e-03
2.572142857142857043e-03
2.542857142857142712e-03
2.517857142857142863e-03
2.482857142857142988e-03
2.512857142857143067e-03
2.455000000000000151e-03
2.517857142857142863e-03
2.552857142857142738e-03
2.517857142857142863e-03
2.493571428571428761e-03
2.522857142857142659e-03
2.538571428571428663e-03
2.491428571428571520e-03
2.514999999999999875e-03
2.494285714285714075e-03
2.459999999999999947e-03
2.523571428571428407e-03
2.546428571428571448e-03
2.617857142857142692e-03
2.529285714285714384e-03
2.467857142857142732e-03
2.511428571428571573e-03
2.512857142857143067e-03
2.495714285714285569e-03
2.427142857142857314e-03
2.480000000000000000e-03
2.502857142857143041e-03
2.481428571428571494e-03
2.486428571428571290e-03
2.472857142857142962e-03
2.500714285714285799e-03
2.531428571428571625e-03
2.530000000000000131e-03
2.511428571428571573e-03
2.521428571428571599e-03
2.490000000000000026e-03
2.507857142857142837e-03
2.498571428571428558e-03
2.493571428571428761e-03
2.514285714285714127e-03
2.548571428571428689e-03
2.530714285714285878e-03
2.531428571428571625e-03
2.520714285714285852e-03
2.492142857142857267e-03
2.487142857142857037e-03
2.512857142857143067e-03
2.491428571428571520e-03
2.514285714285714127e-03
2.572857142857142791e-03
2.549285714285714436e-03
2.482857142857142988e-03
2.520000000000000104e-03
2.499285714285714305e-03
2.549285714285714436e-03
2.484999999999999796e-03
2.526428571428571395e-03
2.475714285714285517e-03
2.475000000000000203e-03
2.497857142857142811e-03
2.488571428571428532e-03
2.520714285714285852e-03
2.467857142857142732e-03
2.509285714285714331e-03
2.520000000000000104e-03
2.478571428571428505e-03
2.547142857142857195e-03
2.486428571428571290e-03
2.500000000000000052e-03
2.485714285714285543e-03
2.510000000000000078e-03
2.505714285714285595e-03
2.530714285714285878e-03
2.548571428571428689e-03
2.514999999999999875e-03
2.482142857142857241e-03
2.512857142857143067e-03
2.511428571428571573e-03
2.487857142857142784e-03
2.494999999999999822e-03
2.500714285714285799e-03
2.523571428571428407e-03
2.516428571428571369e-03
2.509285714285714331e-03
2.507857142857142837e-03
2.482142857142857241e-03
2.450714285714285668e-03
2.493571428571428761e-03
2.494999999999999822e-03
2.540000000000000157e-03
2.456428571428571645e-03
2.534285714285714180e-03
2.473571428571428709e-03
2.503571428571428788e-03
2.427142857142857314e-03
2.527142857142857142e-03
2.507857142857142837e-03
2.483571428571428735e-03
2.477142857142857011e-03
2.532857142857142686e-03
2.511428571428571573e-03
2.480714285714285747e-03
2.517142857142857116e-03
2.463571428571428683e-03
2.510000000000000078e-03
2.592142857142857096e-03
2.497142857142857063e-03
2.487142857142857037e-03
2.514999999999999875e-03
2.469285714285714226e-03
2.511428571428571573e-03
2.490714285714285773e-03
2.515714285714285622e-03
2.482142857142857241e-03
2.457142857142856959e-03
2.492142857142857267e-03
2.474285714285714456e-03
2.495714285714285569e-03
2.479285714285714252e-03
2.477142857142857011e-03
2.500000000000000052e-03
2.499285714285714305e-03
2.490000000000000026e-03
2.441428571428571389e-03
2.490000000000000026e-03
2.490714285714285773e-03
2.468571428571428479e-03
2.547142857142857195e-03
2.491428571428571520e-03
2.484285714285714482e-03
2.530714285714285878e-03
2.527142857142857142e-03
2.506428571428571343e-03
2.463571428571428683e-03
2.507857142857142837e-03
2.498571428571428558e-03
2.492857142857143014e-03
2.534285714285714180e-03
2.442857142857142883e-03
2.472857142857142962e-03
2.504285714285714101e-03
2.468571428571428479e-03
2.457857142857142706e-03
2.447142857142856932e-03
2.545714285714285700e-03
2.456428571428571645e-03
2.428571428571428374e-03
2.462857142857142936e-03
2.525714285714285648e-03
2.541428571428571218e-03
2.439999999999999895e-03
2.490714285714285773e-03
2.480714285714285747e-03
2.446428571428571619e-03
2.452142857142857162e-03
2.475000000000000203e-03
2.459285714285714200e-03
2.468571428571428479e-03
2.476428571428571264e-03
2.439999999999999895e-03
2.455714285714285898e-03
2.481428571428571494e-03
2.522142857142857346e-03
2.455714285714285898e-03
2.508571428571428584e-03
2.440714285714285642e-03
2.453571428571428657e-03
2.497857142857142811e-03
2.422857142857142831e-03
2.456428571428571645e-03
2.443571428571428630e-03
2.475714285714285517e-03
2.467142857142856985e-03
2.464285714285714430e-03
2.471428571428571468e-03
2.434285714285714351e-03
2.518571428571428610e-03
2.508571428571428584e-03
2.455714285714285898e-03
2.500000000000000052e-03
2.476428571428571264e-03
2.530000000000000131e-03
2.474285714285714456e-03
2.417857142857143034e-03
2.480000000000000000e-03
2.434285714285714351e-03
2.496428571428571316e-03
2.511428571428571573e-03
2.447857142857142679e-03
2.445714285714285872e-03
2.517142857142857116e-03
2.509285714285714331e-03
2.470714285714285720e-03
2.526428571428571395e-03
2.478571428571428505e-03
2.457142857142856959e-03
2.542857142857142712e-03
2.469285714285714226e-03
2.471428571428571468e-03
2.436428571428571593e-03
2.481428571428571494e-03
2.479285714285714252e-03
2.507857142857142837e-03
2.448571428571428427e-03
2.441428571428571389e-03
2.505714285714285595e-03
2.459285714285714200e-03
2.448571428571428427e-03
2.514999999999999875e-03
2.490714285714285773e-03
2.435000000000000098e-03
2.508571428571428584e-03
2.470714285714285720e-03
2.454285714285714404e-03
2.449285714285714174e-03
2.455714285714285898e-03
2.417857142857143034e-03
2.520000000000000104e-03
2.553571428571428485e-03
2.501428571428571546e-03
2.509285714285714331e-03
2.481428571428571494e-03
2.460714285714285694e-03
2.482142857142857241e-03
2.431428571428571363e-03
2.517142857142857116e-03
2.492857142857143014e-03
2.523571428571428407e-03
2.439285714285714148e-03
2.520714285714285852e-03
2.501428571428571546e-03
2.419999999999999842e-03
2.504999999999999848e-03
2.448571428571428427e-03
2.472142857142857215e-03
2.502142857142857293e-03
2.492142857142857267e-03
2.472142857142857215e-03
2.402142857142857031e-03
2.457857142857142706e-03
2.499285714285714305e-03
2.419999999999999842e-03
2.432857142857142857e-03
2.465714285714285924e-03
2.483571428571428735e-03
2.510000000000000078e-03
2.482857142857142988e-03
2.440714285714285642e-03
2.553571428571428485e-03
2.472142857142857215e-03
2.511428571428571573e-03
2.510000000000000078e-03
2.451428571428571415e-03
2.448571428571428427e-03
2.420714285714285589e-03
2.440714285714285642e-03
2.493571428571428761e-03
2.441428571428571389e-03
2.440714285714285642e-03
2.558571428571428715e-03
2.451428571428571415e-03
2.567142857142857247e-03
2.484999999999999796e-03
2.452857142857142909e-03
2.417142857142857287e-03
2.441428571428571389e-03
2.405000000000000020e-03
2.476428571428571264e-03
2.431428571428571363e-03
2.409285714285714503e-03
2.474285714285714456e-03
2.445714285714285872e-03
2.503571428571428788e-03
2.440714285714285642e-03
2.462857142857142936e-03
2.473571428571428709e-03
2.432857142857142857e-03
2.437857142857142653e-03
2.432142857142857110e-03
2.457142857142856959e-03
2.501428571428571546e-03
2.446428571428571619e-03
2.452857142857142909e-03
2.412857142857142805e-03
2.432857142857142857e-03
2.445000000000000125e-03
2.411428571428571310e-03
2.481428571428571494e-03
2.509285714285714331e-03
2.453571428571428657e-03
2.462857142857142936e-03
2.466428571428571238e-03
2.445000000000000125e-03
2.461428571428571441e-03
2.474285714285714456e-03
2.469999999999999973e-03
2.438571428571428400e-03
2.457857142857142706e-03
2.421428571428571336e-03
2.434285714285714351e-03
2.464285714285714430e-03
2.435714285714285846e-03
2.405714285714285767e-03
2.480714285714285747e-03
2.467857142857142732e-03
2.426428571428571566e-03
2.466428571428571238e-03
2.449285714285714174e-03
2.438571428571428400e-03
2.435714285714285846e-03
2.421428571428571336e-03
2.449999999999999921e-03
2.441428571428571389e-03
2.416428571428571540e-03
2.417142857142857287e-03
2.442857142857142883e-03
2.399285714285714476e-03
2.410714285714285563e-03
2.459285714285714200e-03
2.454285714285714404e-03
2.480714285714285747e-03
2.412142857142857057e-03
2.426428571428571566e-03
2.429999999999999868e-03
2.523571428571428407e-03
2.426428571428571566e-03
2.465714285714285924e-03
2.455714285714285898e-03
2.446428571428571619e-03
2.512857142857143067e-03
2.516428571428571369e-03
2.448571428571428427e-03
2.450714285714285668e-03
2.439285714285714148e-03
2.417857142857143034e-03
2.443571428571428630e-03
2.458571428571428453e-03
2.436428571428571593e-03
2.435000000000000098e-03
2.419285714285714095e-03
2.462857142857142936e-03
2.439999999999999895e-03
2.426428571428571566e-03
2.399999999999999790e-03
2.430714285714285616e-03
2.435000000000000098e-03
2.407142857142857261e-03
2.411428571428571310e-03
2.480714285714285747e-03
2.440714285714285642e-03
2.464285714285714430e-03
2.502857142857143041e-03
2.450714285714285668e-03
2.448571428571428427e-03
2.415714285714285793e-03
2.443571428571428630e-03
2.419999999999999842e-03
2.424285714285714325e-03
2.441428571428571389e-03
2.439285714285714148e-03
2.502857142857143041e-03
2.493571428571428761e-03
2.455000000000000151e-03
2.465714285714285924e-03
2.419999999999999842e-03
2.421428571428571336e-03
2.444285714285714377e-03
2.483571428571428735e-03
2.437142857142857340e-03
2.451428571428571415e-03
2.472857142857142962e-03
2.447857142857142679e-03
2.460714285714285694e-03
2.449999999999999921e-03
2.419999999999999842e-03
2.415714285714285793e-03
2.430714285714285616e-03
2.429285714285714121e-03
2.419999999999999842e-03
2.476428571428571264e-03
2.416428571428571540e-03
2.405714285714285767e-03
2.384999999999999967e-03
2.409285714285714503e-03
2.443571428571428630e-03
2.456428571428571645e-03
2.435000000000000098e-03
2.457857142857142706e-03
2.437857142857142653e-03
2.441428571428571389e-03
2.424285714285714325e-03
2.417142857142857287e-03
2.414285714285714299e-03
2.489285714285714279e-03
2.475714285714285517e-03
2.403571428571428525e-03
2.464285714285714430e-03
2.409285714285714503e-03
2.399285714285714476e-03
2.439999999999999895e-03
2.469285714285714226e-03
2.437857142857142653e-03
2.458571428571428453e-03
2.418571428571428782e-03
2.441428571428571389e-03
2.415000000000000046e-03
2.433571428571428604e-03
2.432857142857142857e-03
2.457857142857142706e-03
2.435714285714285846e-03
2.419999999999999842e-03
2.455000000000000151e-03
2.417142857142857287e-03
2.390000000000000197e-03
2.432142857142857110e-03
2.371428571428571639e-03
2.405714285714285767e-03
2.437857142857142653e-03
2.465714285714285924e-03
2.412142857142857057e-03
2.458571428571428453e-03
2.381428571428571232e-03
2.436428571428571593e-03
2.426428571428571566e-03
2.432857142857142857e-03
2.455714285714285898e-03
2.387857142857142956e-03
2.447142857142856932e-03
2.438571428571428400e-03
2.425000000000000072e-03
2.451428571428571415e-03
2.405714285714285767e-03
2.409285714285714503e-03
2.432142857142857110e-03
2.427857142857143061e-03
2.435000000000000098e-03
2.458571428571428453e-03
2.435000000000000098e-03
2.422142857142857084e-03
2.358571428571428624e-03
2.437142857142857340e-03
2.422142857142857084e-03
2.477142857142857011e-03
2.457857142857142706e-03
2.397857142857142982e-03
2.452857142857142909e-03
2.399285714285714476e-03
2.407142857142857261e-03
2.380000000000000171e-03
2.431428571428571363e-03
2.419999999999999842e-03
2.438571428571428400e-03
2.376428571428571435e-03
2.416428571428571540e-03
2.434285714285714351e-03
2.413571428571428552e-03
2.478571428571428505e-03
2.442142857142857136e-03
2.436428571428571593e-03
2.444285714285714377e-03
2.387857142857142956e-03
2.394285714285714246e-03
2.418571428571428782e-03
2.397142857142857235e-03
2.384285714285714220e-03
2.463571428571428683e-03
2.452142857142857162e-03
2.382857142857142726e-03
2.457857142857142706e-03
2.395714285714285741e-03
2.444285714285714377e-03
2.447857142857142679e-03
2.431428571428571363e-03
2.437857142857142653e-03
2.455000000000000151e-03
2.396428571428571488e-03
2.432142857142857110e-03
2.437142857142857340e-03
2.423571428571428578e-03
2.418571428571428782e-03
2.452857142857142909e-03
2.411428571428571310e-03
2.431428571428571363e-03
2.381428571428571232e-03
2.479285714285714252e-03
2.425000000000000072e-03
2.428571428571428374e-03
2.437857142857142653e-03
2.360714285714285866e-03
2.426428571428571566e-03
2.434285714285714351e-03
2.447142857142856932e-03
2.450714285714285668e-03
2.419285714285714095e-03
2.420714285714285589e-03
2.430714285714285616e-03
2.472857142857142962e-03
2.393571428571428499e-03
2.419999999999999842e-03
2.435714285714285846e-03
2.437142857142857340e-03
2.410714285714285563e-03
2.473571428571428709e-03
2.402857142857142778e-03
2.417857142857143034e-03
2.410714285714285563e-03
2.480000000000000000e-03
2.399999999999999790e-03
2.424285714285714325e-03
2.434285714285714351e-03
2.417857142857143034e-03
2.419285714285714095e-03
2.397142857142857235e-03
2.452142857142857162e-03
2.419285714285714095e-03
2.438571428571428400e-03
2.423571428571428578e-03
2.390000000000000197e-03
2.383571428571428473e-03
2.400714285714285537e-03
2.399285714285714476e-03
2.397857142857142982e-03
2.409285714285714503e-03
2.467142857142856985e-03
2.424285714285714325e-03
2.445000000000000125e-03
2.409285714285714503e-03
2.446428571428571619e-03
2.380000000000000171e-03
2.370000000000000145e-03
2.419999999999999842e-03
2.455714285714285898e-03
2.412857142857142805e-03
2.396428571428571488e-03
2.401428571428571284e-03
2.455714285714285898e-03
2.423571428571428578e-03
2.425000000000000072e-03
2.407142857142857261e-03
2.357857142857142877e-03
2.444285714285714377e-03
2.462142857142857189e-03
2.405000000000000020e-03
2.442142857142857136e-03
2.406428571428571514e-03
2.362857142857142673e-03
2.447857142857142679e-03
2.408571428571428755e-03
2.459999999999999947e-03
2.405714285714285767e-03
2.400714285714285537e-03
2.437142857142857340e-03
2.427857142857143061e-03
2.388571428571428703e-03
2.382142857142856979e-03
2.388571428571428703e-03
2.397857142857142982e-03
2.467142857142856985e-03
2.407857142857143008e-03
2.382142857142856979e-03
2.383571428571428473e-03
2.410714285714285563e-03
2.399285714285714476e-03
2.420714285714285589e-03
2.397142857142857235e-03
2.354999999999999889e-03
2.492142857142857267e-03
2.404285714285714273e-03
2.400714285714285537e-03
2.383571428571428473e-03
2.387857142857142956e-03
2.374285714285714194e-03
2.370000000000000145e-03
2.387857142857142956e-03
2.374285714285714194e-03
2.416428571428571540e-03
2.395714285714285741e-03
2.401428571428571284e-03
2.419285714285714095e-03
2.394285714285714246e-03
2.368571428571428650e-03
2.409999999999999816e-03
2.405000000000000020e-03
2.387857142857142956e-03
2.402142857142857031e-03
2.386428571428571462e-03
2.410714285714285563e-03
2.425000000000000072e-03
2.401428571428571284e-03
2.419285714285714095e-03
2.374999999999999941e-03
2.356428571428571383e-03
2.378571428571428677e-03
2.390714285714285511e-03
2.390714285714285511e-03
2.369285714285714398e-03
2.367857142857142903e-03
2.414285714285714299e-03
2.367142857142857156e-03
2.402142857142857031e-03
2.374285714285714194e-03
2.372142857142856952e-03
2.374285714285714194e-03
2.420714285714285589e-03
2.448571428571428427e-03
2.372857142857142700e-03
2.377857142857142930e-03
2.429999999999999868e-03
2.422142857142857084e-03
2.405714285714285767e-03
2.405714285714285767e-03
2.409999999999999816e-03
2.371428571428571639e-03
2.427142857142857314e-03
2.397857142857142982e-03
2.457142857142856959e-03
2.407857142857143008e-03
2.484285714285714482e-03
2.356428571428571383e-03
2.395714285714285741e-03
2.384999999999999967e-03
2.401428571428571284e-03
2.384999999999999967e-03
2.350000000000000092e-03
2.447857142857142679e-03
2.436428571428571593e-03
2.394999999999999993e-03
2.382857142857142726e-03
2.357142857142857130e-03
2.412857142857142805e-03
2.469285714285714226e-03
2.388571428571428703e-03
2.394999999999999993e-03
2.427142857142857314e-03
2.397142857142857235e-03
2.391428571428571258e-03
2.382142857142856979e-03
2.417142857142857287e-03
2.419999999999999842e-03
2.362142857142856926e-03
2.450714285714285668e-03
2.438571428571428400e-03
2.367857142857142903e-03
2.406428571428571514e-03
2.377857142857142930e-03
2.370000000000000145e-03
2.429999999999999868e-03
2.409999999999999816e-03
2.425714285714285819e-03
2.470714285714285720e-03
2.373571428571428447e-03
2.368571428571428650e-03
2.396428571428571488e-03
2.387857142857142956e-03
2.409999999999999816e-03
2.381428571428571232e-03
2.391428571428571258e-03
2.468571428571428479e-03
2.394999999999999993e-03
2.408571428571428755e-03
2.397857142857142982e-03
2.410714285714285563e-03
2.387857142857142956e-03
2.374285714285714194e-03
2.366428571428571409e-03
2.419285714285714095e-03
2.388571428571428703e-03
2.412142857142857057e-03
2.384999999999999967e-03
2.407142857142857261e-03
2.412142857142857057e-03
2.361428571428571613e-03
2.376428571428571435e-03
2.390000000000000197e-03
2.409285714285714503e-03
2.382142857142856979e-03
2.360000000000000119e-03
2.362142857142856926e-03
2.374999999999999941e-03
2.433571428571428604e-03
2.357142857142857130e-03
2.327857142857142798e-03
2.376428571428571435e-03
2.452857142857142909e-03
2.435000000000000098e-03
2.381428571428571232e-03
2.405714285714285767e-03
2.422857142857142831e-03
2.364999999999999915e-03
2.408571428571428755e-03
2.371428571428571639e-03
2.457142857142856959e-03
2.399285714285714476e-03
2.374285714285714194e-03
2.469285714285714226e-03
2.401428571428571284e-03
2.368571428571428650e-03
2.361428571428571613e-03
2.360714285714285866e-03
2.342857142857143055e-03
2.445000000000000125e-03
2.445000000000000125e-03
2.422142857142857084e-03
2.379285714285714424e-03
2.377857142857142930e-03
2.407142857142857261e-03
2.455000000000000151e-03
2.392142857142857005e-03
2.358571428571428624e-03
2.375714285714285688e-03
2.374285714285714194e-03
2.350714285714285839e-03
2.379285714285714424e-03
2.387142857142857209e-03
2.402857142857142778e-03
2.347857142857142851e-03
2.387857142857142956e-03
2.374999999999999941e-03
2.399285714285714476e-03
2.382857142857142726e-03
2.397857142857142982e-03
2.364285714285714168e-03
2.388571428571428703e-03
2.388571428571428703e-03
2.380714285714285918e-03
2.400714285714285537e-03
2.361428571428571613e-03
2.368571428571428650e-03
2.393571428571428499e-03
2.373571428571428447e-03
2.342857142857143055e-03
2.397142857142857235e-03
2.368571428571428650e-03
2.417857142857143034e-03
2.376428571428571435e-03
2.392142857142857005e-03
2.340714285714285813e-03
2.399285714285714476e-03
2.416428571428571540e-03
2.426428571428571566e-03
2.340000000000000066e-03
2.377142857142857182e-03
2.394285714285714246e-03
2.420714285714285589e-03
2.389285714285714450e-03
2.382857142857142726e-03
2.425714285714285819e-03
2.390714285714285511e-03
2.357857142857142877e-03
2.377142857142857182e-03
2.394999999999999993e-03
2.367142857142857156e-03
2.406428571428571514e-03
2.391428571428571258e-03
2.354999999999999889e-03
2.381428571428571232e-03
2.413571428571428552e-03
2.402857142857142778e-03
2.392857142857142752e-03
2.369285714285714398e-03
2.441428571428571389e-03
2.337857142857142825e-03
2.412142857142857057e-03
2.346428571428571357e-03
2.407857142857143008e-03
2.364285714285714168e-03
2.379285714285714424e-03
2.354285714285714141e-03
2.402142857142857031e-03
2.422857142857142831e-03
2.395714285714285741e-03
2.374999999999999941e-03
2.376428571428571435e-03
2.352142857142857334e-03
2.395714285714285741e-03
2.431428571428571363e-03
2.374999999999999941e-03
2.413571428571428552e-03
2.360000000000000119e-03
2.357142857142857130e-03
2.335714285714285583e-03
2.427857142857143061e-03
2.344999999999999862e-03
2.322857142857143002e-03
2.371428571428571639e-03
2.415000000000000046e-03
2.392142857142857005e-03
2.385714285714285714e-03
2.343571428571428368e-03
2.372857142857142700e-03
2.374999999999999941e-03
2.377857142857142930e-03
2.408571428571428755e-03
2.356428571428571383e-03
2.428571428571428374e-03
2.385714285714285714e-03
2.400714285714285537e-03
2.380714285714285918e-03
2.395714285714285741e-03
2.382142857142856979e-03
2.432142857142857110e-03
2.442142857142857136e-03
2.354285714285714141e-03
2.324285714285714496e-03
2.352857142857142647e-03
2.460714285714285694e-03
2.354999999999999889e-03
2.392857142857142752e-03
2.382142857142856979e-03
2.372857142857142700e-03
2.380000000000000171e-03
2.345714285714285609e-03
2.324285714285714496e-03
2.379285714285714424e-03
2.365714285714285662e-03
2.396428571428571488e-03
2.385714285714285714e-03
2.376428571428571435e-03
2.354999999999999889e-03
2.377857142857142930e-03
2.370000000000000145e-03
2.378571428571428677e-03
2.394285714285714246e-03
2.347142857142857104e-03
2.368571428571428650e-03
2.437142857142857340e-03
2.372142857142856952e-03
2.382857142857142726e-03
2.371428571428571639e-03
2.382857142857142726e-03
2.364999999999999915e-03
2.375714285714285688e-03
2.372857142857142700e-03
2.338571428571428572e-03
2.360000000000000119e-03
2.369285714285714398e-03
2.382142857142856979e-03
2.327857142857142798e-03
2.419285714285714095e-03
2.353571428571428394e-03
2.393571428571428499e-03
2.380000000000000171e-03
2.388571428571428703e-03
2.373571428571428447e-03
2.408571428571428755e-03
2.397857142857142982e-03
2.357857142857142877e-03
2.371428571428571639e-03
2.383571428571428473e-03
2.347857142857142851e-03
2.335714285714285583e-03
2.352142857142857334e-03
2.401428571428571284e-03
2.360000000000000119e-03
2.374999999999999941e-03
2.350714285714285839e-03
2.345714285714285609e-03
2.417142857142857287e-03
2.374999999999999941e-03
2.321428571428571508e-03
2.357857142857142877e-03
2.325714285714285557e-03
2.384285714285714220e-03
2.398571428571428729e-03
2.355714285714285636e-03
2.389285714285714450e-03
2.378571428571428677e-03
2.419285714285714095e-03
2.359285714285714371e-03
2.425714285714285819e-03
2.376428571428571435e-03
2.369285714285714398e-03
2.386428571428571462e-03
2.354999999999999889e-03
2.326428571428571304e-03
2.344285714285714115e-03
2.385714285714285714e-03
2.356428571428571383e-03
2.417142857142857287e-03
2.343571428571428368e-03
2.317142857142857025e-03
2.346428571428571357e-03
2.398571428571428729e-03
2.363571428571428421e-03
2.347142857142857104e-03
2.367857142857142903e-03
2.369285714285714398e-03
2.377142857142857182e-03
2.350714285714285839e-03
2.377142857142857182e-03
2.367142857142857156e-03
2.341428571428571560e-03
2.412857142857142805e-03
2.354999999999999889e-03
2.415714285714285793e-03
2.432857142857142857e-03
2.417857142857143034e-03
2.362857142857142673e-03
2.357857142857142877e-03
2.319285714285714266e-03
2.370000000000000145e-03
2.362857142857142673e-03
2.394285714285714246e-03
2.330000000000000040e-03
2.360000000000000119e-03
2.396428571428571488e-03
2.357142857142857130e-03
2.390000000000000197e-03
2.366428571428571409e-03
2.379285714285714424e-03
2.357142857142857130e-03
2.379285714285714424e-03
2.377857142857142930e-03
2.433571428571428604e-03
2.348571428571428598e-03
2.322142857142857255e-03
2.392142857142857005e-03
2.360714285714285866e-03
2.360714285714285866e-03
2.357857142857142877e-03
2.302857142857142950e-03
2.415000000000000046e-03
2.371428571428571639e-03
2.390714285714285511e-03
2.381428571428571232e-03
2.375714285714285688e-03
2.373571428571428447e-03
2.382857142857142726e-03
2.312142857142857229e-03
2.377142857142857182e-03
2.375714285714285688e-03
2.392857142857142752e-03
2.392857142857142752e-03
2.347142857142857104e-03
2.338571428571428572e-03
2.332142857142857281e-03
2.372857142857142700e-03
2.320714285714285761e-03
2.381428571428571232e-03
2.357857142857142877e-03
2.347142857142857104e-03
2.365714285714285662e-03
2.344285714285714115e-03
2.370714285714285892e-03
2.336428571428571330e-03
2.373571428571428447e-03
2.354285714285714141e-03
2.307857142857142746e-03
2.324285714285714496e-03
2.342142857142857307e-03
2.381428571428571232e-03
2.368571428571428650e-03
2.350714285714285839e-03
2.357857142857142877e-03
2.371428571428571639e-03
2.376428571428571435e-03
2.366428571428571409e-03
2.351428571428571587e-03
2.344999999999999862e-03
2.342142857142857307e-03
2.348571428571428598e-03
2.364285714285714168e-03
2.362857142857142673e-03
2.382857142857142726e-03
2.357142857142857130e-03
2.347857142857142851e-03
2.364999999999999915e-03
2.403571428571428525e-03
2.392142857142857005e-03
2.409999999999999816e-03
2.398571428571428729e-03
2.382857142857142726e-03
2.341428571428571560e-03
2.305000000000000191e-03
2.330000000000000040e-03
2.344285714285714115e-03
2.319285714285714266e-03
2.453571428571428657e-03
2.350714285714285839e-03
2.314999999999999784e-03
2.364285714285714168e-03
2.372857142857142700e-03
2.337142857142857078e-03
2.367142857142857156e-03
2.374285714285714194e-03
2.335714285714285583e-03
2.394999999999999993e-03
2.338571428571428572e-03
2.390714285714285511e-03
2.386428571428571462e-03
2.356428571428571383e-03
2.309285714285714240e-03
2.337857142857142825e-03
2.345714285714285609e-03
2.350714285714285839e-03
2.387142857142857209e-03
2.352857142857142647e-03
2.407142857142857261e-03
2.376428571428571435e-03
2.372142857142856952e-03
2.357142857142857130e-03
2.362142857142856926e-03
2.380000000000000171e-03
2.367142857142857156e-03
2.326428571428571304e-03
2.344999999999999862e-03
2.355714285714285636e-03
2.354285714285714141e-03
2.322857142857143002e-03
2.304285714285714444e-03
2.312857142857142976e-03
2.410714285714285563e-03
2.381428571428571232e-03
2.327857142857142798e-03
2.337857142857142825e-03
2.407857142857143008e-03
2.371428571428571639e-03
2.362142857142856926e-03
2.347142857142857104e-03
2.342142857142857307e-03
2.322142857142857255e-03
2.367142857142857156e-03
2.395714285714285741e-03
2.347142857142857104e-03
2.363571428571428421e-03
2.327857142857142798e-03
2.344285714285714115e-03
2.340714285714285813e-03
2.355714285714285636e-03
2.332142857142857281e-03
2.380714285714285918e-03
2.358571428571428624e-03
2.350000000000000092e-03
2.356428571428571383e-03
2.419285714285714095e-03
2.370000000000000145e-03
2.361428571428571613e-03
2.376428571428571435e-03
2.325714285714285557e-03
2.327142857142857051e-03
2.390000000000000197e-03
2.314999999999999784e-03
2.424285714285714325e-03
2.330000000000000040e-03
2.385714285714285714e-03
2.335714285714285583e-03
2.377857142857142930e-03
2.354285714285714141e-03
2.344999999999999862e-03
2.370000000000000145e-03
2.352857142857142647e-03
2.383571428571428473e-03
2.354285714285714141e-03
2.358571428571428624e-03
2.316428571428571278e-03
2.332142857142857281e-03
2.335714285714285583e-03
2.403571428571428525e-03
2.342142857142857307e-03
2.302857142857142950e-03
2.324999999999999810e-03
2.330000000000000040e-03
2.322142857142857255e-03
2.392142857142857005e-03
2.344285714285714115e-03
2.365714285714285662e-03
2.329285714285714293e-03
2.332142857142857281e-03
2.351428571428571587e-03
2.372857142857142700e-03
2.327142857142857051e-03
2.312142857142857229e-03
2.324999999999999810e-03
2.367142857142857156e-03
2.334285714285714089e-03
2.317142857142857025e-03
2.331428571428571534e-03
2.331428571428571534e-03
2.329285714285714293e-03
2.330714285714285787e-03
2.357857142857142877e-03
2.352857142857142647e-03
2.374999999999999941e-03
2.325714285714285557e-03
2.334285714285714089e-03
2.347857142857142851e-03
2.352142857142857334e-03
2.342142857142857307e-03
2.345714285714285609e-03
2.365714285714285662e-03
2.321428571428571508e-03
2.401428571428571284e-03
2.327142857142857051e-03
2.363571428571428421e-03
2.330000000000000040e-03
2.366428571428571409e-03
2.366428571428571409e-03
2.305000000000000191e-03
2.354285714285714141e-03
2.366428571428571409e-03
2.338571428571428572e-03
2.344999999999999862e-03
2.358571428571428624e-03
2.337857142857142825e-03
2.305714285714285505e-03
2.355714285714285636e-03
2.352142857142857334e-03
2.277857142857142667e-03
2.328571428571428546e-03
2.330714285714285787e-03
2.323571428571428749e-03
2.336428571428571330e-03
2.441428571428571389e-03
2.370000000000000145e-03
2.340714285714285813e-03
2.337857142857142825e-03
2.333571428571428776e-03
2.296428571428571225e-03
2.307142857142856999e-03
2.359285714285714371e-03
2.307142857142856999e-03
2.339285714285714319e-03
2.391428571428571258e-03
2.381428571428571232e-03
2.315714285714285531e-03
2.360714285714285866e-03
2.339285714285714319e-03
2.382857142857142726e-03
2.359285714285714371e-03
2.330000000000000040e-03
2.334285714285714089e-03
2.324285714285714496e-03
2.359285714285714371e-03
2.302142857142857203e-03
2.334285714285714089e-03
2.377142857142857182e-03
2.346428571428571357e-03
2.340000000000000066e-03
2.360714285714285866e-03
2.375714285714285688e-03
2.309999999999999987e-03
2.322142857142857255e-03
2.345714285714285609e-03
2.371428571428571639e-03
2.329285714285714293e-03
2.316428571428571278e-03
2.350000000000000092e-03
2.330714285714285787e-03
2.309999999999999987e-03
2.364999999999999915e-03
2.312142857142857229e-03
2.352857142857142647e-03
2.328571428571428546e-03
2.330000000000000040e-03
2.332857142857143028e-03
2.300714285714285708e-03
2.298571428571428467e-03
2.376428571428571435e-03
2.282142857142857150e-03
2.345714285714285609e-03
2.371428571428571639e-03
2.305000000000000191e-03
2.381428571428571232e-03
2.351428571428571587e-03
2.334285714285714089e-03
2.354999999999999889e-03
2.369285714285714398e-03
2.357857142857142877e-03
2.318571428571428519e-03
2.324999999999999810e-03
2.321428571428571508e-03
2.298571428571428467e-03
2.334285714285714089e-03
2.332857142857143028e-03
2.343571428571428368e-03
2.329285714285714293e-03
2.335714285714285583e-03
2.309999999999999987e-03
2.334999999999999836e-03
2.325714285714285557e-03
2.316428571428571278e-03
2.344285714285714115e-03
2.340714285714285813e-03
2.360714285714285866e-03
2.400714285714285537e-03
2.334999999999999836e-03
2.309285714285714240e-03
2.352142857142857334e-03
2.354285714285714141e-03
2.391428571428571258e-03
2.328571428571428546e-03
2.351428571428571587e-03
2.347142857142857104e-03
2.337142857142857078e-03
2.336428571428571330e-03
2.371428571428571639e-03
2.321428571428571508e-03
2.334999999999999836e-03
2.312857142857142976e-03
2.324285714285714496e-03
2.342857142857143055e-03
2.334285714285714089e-03
2.302857142857142950e-03
2.313571428571428723e-03
2.333571428571428776e-03
2.298571428571428467e-03
2.314285714285714470e-03
2.326428571428571304e-03
2.304285714285714444e-03
2.316428571428571278e-03
2.305714285714285505e-03
2.277857142857142667e-03
2.320714285714285761e-03
2.325714285714285557e-03
2.349285714285714345e-03
2.337857142857142825e-03
2.329285714285714293e-03
2.342142857142857307e-03
2.313571428571428723e-03
2.327142857142857051e-03
2.335714285714285583e-03
2.327142857142857051e-03
2.350000000000000092e-03
2.342857142857143055e-03
2.336428571428571330e-03
2.328571428571428546e-03
2.313571428571428723e-03
2.332142857142857281e-03
2.309285714285714240e-03
2.326428571428571304e-03
2.289999999999999935e-03
2.405000000000000020e-03
2.300714285714285708e-03
2.375714285714285688e-03
2.353571428571428394e-03
2.374285714285714194e-03
2.317142857142857025e-03
2.324999999999999810e-03
2.328571428571428546e-03
2.331428571428571534e-03
2.334285714285714089e-03
2.306428571428571252e-03
2.318571428571428519e-03
2.322857142857143002e-03
2.307857142857142746e-03
2.361428571428571613e-03
2.310714285714285735e-03
2.334285714285714089e-03
2.328571428571428546e-03
2.309999999999999987e-03
2.355714285714285636e-03
2.340000000000000066e-03
2.381428571428571232e-03
2.334285714285714089e-03
2.330714285714285787e-03
2.309285714285714240e-03
2.352142857142857334e-03
2.347142857142857104e-03
2.279285714285714162e-03
2.322142857142857255e-03
2.277142857142857354e-03
2.309999999999999987e-03
2.344285714285714115e-03
2.299285714285714214e-03
2.295000000000000165e-03
2.343571428571428368e-03
2.328571428571428546e-03
2.375714285714285688e-03
2.299285714285714214e-03
2.344999999999999862e-03
2.356428571428571383e-03
2.341428571428571560e-03
2.302142857142857203e-03
2.318571428571428519e-03
2.379285714285714424e-03
2.306428571428571252e-03
2.305000000000000191e-03
2.287857142857142694e-03
2.292857142857142923e-03
2.332857142857143028e-03
2.312142857142857229e-03
2.347857142857142851e-03
2.355714285714285636e-03
2.347857142857142851e-03
2.357857142857142877e-03
2.297142857142856973e-03
2.319285714285714266e-03
2.334285714285714089e-03
2.324285714285714496e-03
2.300714285714285708e-03
2.354999999999999889e-03
2.335714285714285583e-03
2.320000000000000014e-03
2.345714285714285609e-03
2.329285714285714293e-03
2.342142857142857307e-03
2.315714285714285531e-03
2.286428571428571633e-03
2.350714285714285839e-03
2.315714285714285531e-03
2.349285714285714345e-03
2.311428571428571482e-03
2.305000000000000191e-03
2.360714285714285866e-03
2.309999999999999987e-03
2.282857142857142897e-03
2.331428571428571534e-03
2.350714285714285839e-03
2.344285714285714115e-03
2.332142857142857281e-03
2.305000000000000191e-03
2.309285714285714240e-03
2.361428571428571613e-03
2.312857142857142976e-03
2.332857142857143028e-03
2.296428571428571225e-03
2.303571428571428697e-03
2.323571428571428749e-03
2.322142857142857255e-03
2.334999999999999836e-03
2.340000000000000066e-03
2.334999999999999836e-03
2.324285714285714496e-03
2.329285714285714293e-03
2.312857142857142976e-03
2.297142857142856973e-03
2.379285714285714424e-03
2.342142857142857307e-03
2.331428571428571534e-03
2.346428571428571357e-03
2.348571428571428598e-03
2.312142857142857229e-03
2.309285714285714240e-03
2.361428571428571613e-03
2.320000000000000014e-03
2.299999999999999961e-03
2.351428571428571587e-03
2.332142857142857281e-03
2.360000000000000119e-03
2.323571428571428749e-03
2.396428571428571488e-03
2.320714285714285761e-03
2.317857142857142772e-03
2.342857142857143055e-03
2.335714285714285583e-03
2.349285714285714345e-03
2.292142857142857176e-03
2.315714285714285531e-03
2.358571428571428624e-03
2.342142857142857307e-03
2.307857142857142746e-03
2.330000000000000040e-03
2.309999999999999987e-03
2.302142857142857203e-03
2.324285714285714496e-03
2.366428571428571409e-03
2.340714285714285813e-03
2.325714285714285557e-03
2.323571428571428749e-03
2.329285714285714293e-03
2.347857142857142851e-03
2.322857142857143002e-03
2.314999999999999784e-03
2.297857142857142720e-03
2.310714285714285735e-03
2.357857142857142877e-03
2.264285714285714339e-03
2.324285714285714496e-03
2.340000000000000066e-03
2.328571428571428546e-03
2.335714285714285583e-03
2.317142857142857025e-03
2.338571428571428572e-03
2.274285714285714365e-03
2.336428571428571330e-03
2.331428571428571534e-03
2.318571428571428519e-03
2.284285714285714392e-03
2.308571428571428493e-03
2.379285714285714424e-03
2.337142857142857078e-03
2.350000000000000092e-03
2.366428571428571409e-03
2.298571428571428467e-03
2.282142857142857150e-03
2.301428571428571455e-03
2.309285714285714240e-03
2.334999999999999836e-03
2.317142857142857025e-03
2.321428571428571508e-03
2.318571428571428519e-03
2.309999999999999987e-03
2.337142857142857078e-03
2.317857142857142772e-03
2.307142857142856999e-03
2.310714285714285735e-03
2.307857142857142746e-03
2.336428571428571330e-03
2.289285714285714188e-03
2.301428571428571455e-03
2.320000000000000014e-03
2.328571428571428546e-03
2.303571428571428697e-03
2.290714285714285682e-03
2.341428571428571560e-03
2.342142857142857307e-03
2.326428571428571304e-03
2.345714285714285609e-03
2.332857142857143028e-03
2.285714285714285886e-03
2.324285714285714496e-03
2.314999999999999784e-03
2.346428571428571357e-03
2.287142857142856946e-03
2.357857142857142877e-03
2.326428571428571304e-03
2.367142857142857156e-03
2.330714285714285787e-03
2.315714285714285531e-03
2.313571428571428723e-03
2.313571428571428723e-03
2.317857142857142772e-03
2.314999999999999784e-03
2.319285714285714266e-03
2.360714285714285866e-03
2.302857142857142950e-03
2.330714285714285787e-03
2.380000000000000171e-03
2.318571428571428519e-03
2.294285714285714418e-03
2.309999999999999987e-03
2.343571428571428368e-03
2.282857142857142897e-03
2.284285714285714392e-03
2.324285714285714496e-03
2.330714285714285787e-03
2.334285714285714089e-03
2.297142857142856973e-03
2.289285714285714188e-03
2.309999999999999987e-03
2.320000000000000014e-03
2.292142857142857176e-03
2.312857142857142976e-03
2.307142857142856999e-03
2.352142857142857334e-03
2.320000000000000014e-03
2.294285714285714418e-03
2.303571428571428697e-03
2.312142857142857229e-03
2.338571428571428572e-03
2.303571428571428697e-03
2.354999999999999889e-03
2.303571428571428697e-03
2.309285714285714240e-03
2.298571428571428467e-03
2.322142857142857255e-03
2.321428571428571508e-03
2.292857142857142923e-03
2.316428571428571278e-03
2.289999999999999935e-03
2.296428571428571225e-03
2.316428571428571278e-03
2.339285714285714319e-03
2.275000000000000112e-03
2.324999999999999810e-03
2.297857142857142720e-03
2.315714285714285531e-03
2.316428571428571278e-03
2.318571428571428519e-03
2.340000000000000066e-03
2.296428571428571225e-03
2.301428571428571455e-03
2.301428571428571455e-03
2.284285714285714392e-03
2.303571428571428697e-03
2.336428571428571330e-03
2.288571428571428441e-03
2.288571428571428441e-03
2.332857142857143028e-03
2.327857142857142798e-03
2.307857142857142746e-03
2.295714285714285912e-03
2.274285714285714365e-03
2.286428571428571633e-03
2.310714285714285735e-03
2.326428571428571304e-03
2.322142857142857255e-03
2.337857142857142825e-03
2.289999999999999935e-03
2.285000000000000139e-03
2.289999999999999935e-03
2.322142857142857255e-03
2.344999999999999862e-03
2.314999999999999784e-03
2.299999999999999961e-03
2.309999999999999987e-03
2.311428571428571482e-03
2.316428571428571278e-03
2.281428571428571403e-03
2.294285714285714418e-03
2.305000000000000191e-03
2.301428571428571455e-03
2.296428571428571225e-03
2.295000000000000165e-03
2.310714285714285735e-03
2.307857142857142746e-03
2.316428571428571278e-03
2.340000000000000066e-03
2.297857142857142720e-03
2.285000000000000139e-03
2.285000000000000139e-03
2.326428571428571304e-03
2.305714285714285505e-03
2.321428571428571508e-03
2.259999999999999856e-03
2.328571428571428546e-03
2.334999999999999836e-03
2.308571428571428493e-03
2.288571428571428441e-03
2.299999999999999961e-03
2.320714285714285761e-03
2.278571428571428414e-03
2.287857142857142694e-03
2.298571428571428467e-03
2.305714285714285505e-03
2.327142857142857051e-03
2.286428571428571633e-03
2.320714285714285761e-03
2.344999999999999862e-03
2.312857142857142976e-03
2.308571428571428493e-03
2.297142857142856973e-03
2.353571428571428394e-03
2.298571428571428467e-03
2.297857142857142720e-03
2.315714285714285531e-03
2.309999999999999987e-03
2.315714285714285531e-03
2.313571428571428723e-03
2.324999999999999810e-03
2.338571428571428572e-03
2.310714285714285735e-03
2.330714285714285787e-03
2.292857142857142923e-03
2.305714285714285505e-03
2.289285714285714188e-03
2.287857142857142694e-03
2.299285714285714214e-03
2.283571428571428644e-03
2.308571428571428493e-03
2.280714285714285656e-03
2.299285714285714214e-03
2.322142857142857255e-03
2.294285714285714418e-03
2.353571428571428394e-03
2.309285714285714240e-03
2.297857142857142720e-03
2.322142857142857255e-03
2.295714285714285912e-03
2.257142857142857301e-03
2.280714285714285656e-03
2.301428571428571455e-03
2.332857142857143028e-03
2.297857142857142720e-03
2.327142857142857051e-03
2.307857142857142746e-03
2.306428571428571252e-03
2.345714285714285609e-03
2.296428571428571225e-03
2.338571428571428572e-03
2.320714285714285761e-03
2.286428571428571633e-03
2.306428571428571252e-03
2.323571428571428749e-03
2.288571428571428441e-03
2.307142857142856999e-03
2.339285714285714319e-03
2.298571428571428467e-03
2.353571428571428394e-03
2.325714285714285557e-03
2.282857142857142897e-03
2.332142857142857281e-03
2.319285714285714266e-03
2.272857142857142871e-03
2.317857142857142772e-03
2.297142857142856973e-03
2.304285714285714444e-03
2.322857142857143002e-03
2.287857142857142694e-03
2.270714285714285630e-03
2.282142857142857150e-03
2.296428571428571225e-03
2.358571428571428624e-03
2.357142857142857130e-03
2.284285714285714392e-03
2.322857142857143002e-03
2.377857142857142930e-03
2.277857142857142667e-03
2.305714285714285505e-03
2.272142857142857124e-03
2.280714285714285656e-03
2.315714285714285531e-03
2.312142857142857229e-03
2.305000000000000191e-03
2.307857142857142746e-03
2.249285714285714083e-03
2.266428571428571580e-03
2.312857142857142976e-03
2.282142857142857150e-03
2.352142857142857334e-03
2.292142857142857176e-03
2.308571428571428493e-03
2.279285714285714162e-03
2.319285714285714266e-03
2.275000000000000112e-03
2.295714285714285912e-03
2.269999999999999882e-03
2.305000000000000191e-03
2.283571428571428644e-03
2.342857142857143055e-03
2.347142857142857104e-03
2.282142857142857150e-03
2.275714285714285860e-03
2.286428571428571633e-03
2.297857142857142720e-03
2.307142857142856999e-03
2.285714285714285886e-03
2.279285714285714162e-03
2.324999999999999810e-03
2.272142857142857124e-03
2.296428571428571225e-03
2.349285714285714345e-03
2.283571428571428644e-03
2.274285714285714365e-03
2.279285714285714162e-03
2.288571428571428441e-03
2.324999999999999810e-03
2.266428571428571580e-03
2.309999999999999987e-03
2.289999999999999935e-03
2.302142857142857203e-03
2.309999999999999987e-03
2.316428571428571278e-03
2.298571428571428467e-03
2.279999999999999909e-03
2.265714285714285833e-03
2.263571428571428592e-03
2.286428571428571633e-03
2.287142857142856946e-03
2.314999999999999784e-03
2.322142857142857255e-03
2.311428571428571482e-03
2.290714285714285682e-03
2.352142857142857334e-03
2.279999999999999909e-03
2.328571428571428546e-03
2.281428571428571403e-03
2.328571428571428546e-03
2.285000000000000139e-03
2.269285714285714135e-03
2.254285714285714313e-03
2.362142857142856926e-03
2.295000000000000165e-03
2.299285714285714214e-03
2.304285714285714444e-03
2.305714285714285505e-03
2.292857142857142923e-03
2.309999999999999987e-03
2.289999999999999935e-03
2.332857142857143028e-03
2.294285714285714418e-03
2.350000000000000092e-03
2.325714285714285557e-03
2.344999999999999862e-03
2.322142857142857255e-03
2.289999999999999935e-03
2.295714285714285912e-03
2.292857142857142923e-03
2.302142857142857203e-03
2.327857142857142798e-03
2.306428571428571252e-03
2.304285714285714444e-03
2.323571428571428749e-03
2.283571428571428644e-03
2.257857142857143048e-03
2.286428571428571633e-03
2.281428571428571403e-03
2.302857142857142950e-03
2.297142857142856973e-03
2.289285714285714188e-03
2.284285714285714392e-03
2.308571428571428493e-03
2.275714285714285860e-03
2.316428571428571278e-03
2.278571428571428414e-03
2.289999999999999935e-03
2.299285714285714214e-03
2.350714285714285839e-03
2.308571428571428493e-03
2.314285714285714470e-03
2.280714285714285656e-03
2.293571428571428671e-03
2.304285714285714444e-03
2.329285714285714293e-03
2.287857142857142694e-03
2.272142857142857124e-03
2.349285714285714345e-03
2.267142857142857328e-03
2.322142857142857255e-03
2.313571428571428723e-03
2.317142857142857025e-03
2.297857142857142720e-03
2.314999999999999784e-03
2.292142857142857176e-03
2.303571428571428697e-03
2.282142857142857150e-03
2.296428571428571225e-03
2.272142857142857124e-03
2.305000000000000191e-03
2.291428571428571429e-03
2.275714285714285860e-03
2.331428571428571534e-03
2.295000000000000165e-03
2.267142857142857328e-03
2.284285714285714392e-03
2.295714285714285912e-03
2.296428571428571225e-03
2.351428571428571587e-03
2.322142857142857255e-03
2.309999999999999987e-03
2.307142857142856999e-03
2.276428571428571607e-03
2.326428571428571304e-03
2.324285714285714496e-03
2.281428571428571403e-03
2.327142857142857051e-03
2.289999999999999935e-03
2.322142857142857255e-03
2.306428571428571252e-03
2.265714285714285833e-03
2.297857142857142720e-03
2.322857142857143002e-03
2.269999999999999882e-03
2.278571428571428414e-03
2.277857142857142667e-03
2.309999999999999987e-03
2.309285714285714240e-03
2.275000000000000112e-03
2.323571428571428749e-03
2.280714285714285656e-03
2.281428571428571403e-03
2.266428571428571580e-03
2.272857142857142871e-03
2.307142857142856999e-03
2.306428571428571252e-03
2.299999999999999961e-03
2.295714285714285912e-03
2.272142857142857124e-03
2.263571428571428592e-03
2.302142857142857203e-03
2.299285714285714214e-03
2.299285714285714214e-03
2.299999999999999961e-03
2.270714285714285630e-03
2.294285714285714418e-03
2.341428571428571560e-03
2.330714285714285787e-03
2.285714285714285886e-03
2.285000000000000139e-03
2.269285714285714135e-03
2.304285714285714444e-03
2.284285714285714392e-03
2.287857142857142694e-03
2.305000000000000191e-03
2.303571428571428697e-03
2.282142857142857150e-03
2.325714285714285557e-03
2.309285714285714240e-03
2.275714285714285860e-03
2.256428571428571554e-03
2.310714285714285735e-03
2.297142857142856973e-03
2.292857142857142923e-03
2.255714285714285807e-03
2.298571428571428467e-03
2.264285714285714339e-03
2.281428571428571403e-03
2.274285714285714365e-03
2.295714285714285912e-03
2.263571428571428592e-03
2.294285714285714418e-03
2.299285714285714214e-03
2.354285714285714141e-03
2.298571428571428467e-03
2.344999999999999862e-03
2.352857142857142647e-03
2.267857142857142641e-03
2.296428571428571225e-03
2.278571428571428414e-03
2.328571428571428546e-03
2.285000000000000139e-03
2.325714285714285557e-03
2.325714285714285557e-03
2.305714285714285505e-03
2.289285714285714188e-03
2.306428571428571252e-03
2.276428571428571607e-03
2.332857142857143028e-03
2.292142857142857176e-03
2.285000000000000139e-03
2.279999999999999909e-03
2.289999999999999935e-03
2.327142857142857051e-03
2.274285714285714365e-03
2.316428571428571278e-03
2.272857142857142871e-03
2.266428571428571580e-03
2.296428571428571225e-03
2.266428571428571580e-03
2.320000000000000014e-03
2.254285714285714313e-03
2.289285714285714188e-03
2.270714285714285630e-03
2.315714285714285531e-03
2.270714285714285630e-03
2.283571428571428644e-03
2.287857142857142694e-03
2.305714285714285505e-03
2.294285714285714418e-03
2.317142857142857025e-03
2.334285714285714089e-03
