8.303000000000000380e-01
7.521824999999999761e-01
6.136449999999999960e-01
5.307250000000000023e-01
4.701550000000000451e-01
3.400274999999999825e-01
2.529175000000000173e-01
2.664675000000000238e-01
2.139300000000000090e-01
1.529824999999999935e-01
1.286400000000000043e-01
1.123175000000000007e-01
7.997999999999999554e-02
7.094999999999999918e-02
6.950249999999999484e-02
6.919000000000000150e-02
6.183250000000000551e-02
4.218249999999999778e-02
3.665249999999999758e-02
4.973000000000000337e-02
3.735499999999999932e-02
4.410750000000000087e-02
4.298749999999999793e-02
3.187999999999999862e-02
3.269500000000000184e-02
3.803000000000000130e-02
2.389000000000000151e-02
2.486999999999999975e-02
2.521999999999999936e-02
3.214750000000000246e-02
3.228500000000000120e-02
2.596499999999999850e-02
1.870250000000000037e-02
2.513999999999999915e-02
2.861249999999999905e-02
2.576499999999999624e-02
2.758750000000000091e-02
2.314499999999999891e-02
2.297499999999999890e-02
2.027999999999999942e-02
2.161000000000000074e-02
1.978749999999999953e-02
2.109499999999999917e-02
1.723000000000000226e-02
2.187249999999999958e-02
1.917249999999999857e-02
2.028749999999999998e-02
2.006750000000000200e-02
2.008249999999999966e-02
2.149000000000000216e-02
1.974000000000000060e-02
1.749749999999999917e-02
1.992750000000000077e-02
1.963499999999999968e-02
1.989749999999999852e-02
1.866750000000000007e-02
1.936500000000000027e-02
1.756999999999999881e-02
1.819250000000000034e-02
1.875500000000000084e-02
1.807500000000000079e-02
1.895250000000000060e-02
1.759499999999999953e-02
1.890749999999999723e-02
2.171999999999999972e-02
1.669750000000000054e-02
1.820000000000000090e-02
1.899499999999999800e-02
1.787750000000000103e-02
1.726999999999999716e-02
