9.160446828134179761e-04
2.957809180935352250e-03
3.800077283001299273e-03
3.411038461346860371e-03
3.633720422745142283e-03
4.212050603826558368e-03
3.569769745353649874e-03
3.567913633724561356e-03
3.269766526688888588e-03
2.940935273855279156e-03
2.697109557122367388e-03
2.382863500769810856e-03
1.955049941719941547e-03
1.542479997210983306e-03
1.367131493748757320e-03
1.063231738349513893e-03
7.037936814568204183e-04
2.948530426001004534e-04
2.076089362107341593e-06
3.320719215361723760e-04
7.007356980200127403e-04
1.075473346095536312e-03
1.431182893489867623e-03
1.795352371096319748e-03
2.177645732166704189e-03
2.474742340936635521e-03
2.910984920546557091e-03
3.264535750676161689e-03
3.621747181762414395e-03
3.970582844495403572e-03
4.351659357966206065e-03
4.774430684171151670e-03
5.139277245350726969e-03
5.469214177647899015e-03
5.841723474359150105e-03
6.222153785906997699e-03
6.626663363746422390e-03
6.953395450163926336e-03
7.318102429536887769e-03
7.700313108090743250e-03
8.116385728127810048e-03
8.458996261342171738e-03
8.855212591045933876e-03
9.216839065516332918e-03
9.599158827930359683e-03
9.940554808423842509e-03
1.028499893773070044e-02
1.068407150395878080e-02
1.107514243378814218e-02
1.146723656654398057e-02
1.182030402243657886e-02
1.221866454705797245e-02
1.255992002018718745e-02
1.293896909154805194e-02
1.330512756118133744e-02
1.368065325955998210e-02
1.410194930784212063e-02
1.446757617055904888e-02
1.481391196337144070e-02
1.521106293397063783e-02
1.558639659847966576e-02
1.596192389927489352e-02
1.632697923881088614e-02
1.672587760749326760e-02
1.710060518841542004e-02
1.745724305919359523e-02
1.781262909569887587e-02
1.820240129687321351e-02
1.858449758993863110e-02
1.895261971715107505e-02
