8.464901350091517951e-02
2.012225554999243216e-01
2.864746935357426749e-01
2.922553577166341898e-01
3.763952309320507394e-01
3.656589929747267043e-01
3.588571207812752961e-01
3.269625008307923131e-01
3.071559413569739383e-01
2.723813061925757228e-01
2.476986775740063762e-01
2.207007003724267835e-01
1.910731708881679425e-01
1.583074507044476831e-01
1.236095110209799175e-01
9.198220478088041385e-02
6.524298130216178715e-02
3.551061876109355697e-02
5.839187530013265504e-04
3.241469151530583515e-02
6.055498497974132893e-02
1.028696627917904671e-01
1.337886312239936482e-01
1.669357921432480518e-01
1.991253767097571070e-01
2.365466531533594596e-01
2.619368328081513320e-01
2.977141971466606973e-01
3.309479215571998756e-01
3.675080330987328114e-01
4.019512839479818522e-01
4.331158862376536245e-01
4.669154071989098376e-01
5.021183345934238096e-01
5.363091013236479521e-01
5.721269372984210122e-01
6.075237949672480653e-01
6.372795101115793504e-01
6.764321267813285798e-01
7.083676883810480218e-01
7.442351024603801601e-01
7.764884295266484271e-01
8.088510648946922732e-01
8.439748405872349313e-01
8.793803227021538271e-01
9.142555033922008523e-01
9.463186838182572336e-01
9.836720644176597528e-01
1.016152259051913198e+00
1.049940422417842356e+00
1.088828543885829392e+00
1.119794788182876033e+00
1.155345578056158784e+00
1.190803986868826936e+00
1.221884119160364879e+00
1.257894728381954819e+00
1.292578760412713690e+00
1.325097798053509912e+00
1.360068903701186382e+00
1.395432804672807059e+00
1.429278811694428386e+00
1.465096166103375452e+00
1.499090083557936603e+00
1.534181272236173843e+00
1.570250618033873780e+00
1.600009939210674803e+00
1.637359822949688626e+00
1.669620194459003670e+00
1.705490893620422499e+00
1.741197810349822683e+00
