8.242355245674019837e-02
2.809251557023621504e-01
2.435454745182512593e-01
3.276947956217882707e-01
3.694753407341552776e-01
3.271848702718627711e-01
2.804805188329995702e-01
3.251415723257063406e-01
3.078142240708257038e-01
2.395397024557227861e-01
2.373481924943090238e-01
2.035974671944732195e-01
1.611309294801759606e-01
1.347512520831300464e-01
1.205870830882248418e-01
1.016249280711828545e-01
6.531084987671466335e-02
2.761822833324262608e-02
1.736450642416457763e-03
3.498029884577035648e-02
7.366965599791144848e-02
1.019359570425500683e-01
1.295969644653132136e-01
1.644953695388800818e-01
2.071197689344604354e-01
2.326596790032947892e-01
2.708287874653770855e-01
2.980972192985614222e-01
3.324185806787177122e-01
3.683181009514100435e-01
3.992325308648541626e-01
4.305643674874899407e-01
4.676906747319941604e-01
5.021712340606765412e-01
5.408124625286113707e-01
5.710038727751677312e-01
6.042282972723819201e-01
6.406911294283501590e-01
6.696958013645063490e-01
7.147407979372970566e-01
7.418663378290981658e-01
7.750962353491087642e-01
8.153844416334723455e-01
8.442009347908112638e-01
8.793351544821212951e-01
9.133816011818542968e-01
9.392137182236282023e-01
9.855992771104713501e-01
1.015081746260369844e+00
1.049026283951928429e+00
1.081199869272871261e+00
1.121410902162096823e+00
1.150597651867766968e+00
1.189303495870362992e+00
1.228917538581960400e+00
1.252770493985408296e+00
1.295691794110793493e+00
1.328951302810261748e+00
1.366854233000023733e+00
1.395740679969779352e+00
1.428025168958307667e+00
1.464273000535738944e+00
1.497371586246198261e+00
1.529667296022851675e+00
1.563162097104296988e+00
1.597594940259445817e+00
1.640054024231054841e+00
1.672372313297253221e+00
1.704645037694094034e+00
1.736705948458849402e+00
