inf
9.901113993539095715e-01
9.958988242272402980e-01
9.832014082742109862e-01
9.797744635398275559e-01
9.777634196457523075e-01
9.733989339836434107e-01
9.718651022773096004e-01
9.674233566547091323e-01
9.651452416578343296e-01
9.633454281942797071e-01
9.622479122964771037e-01
9.587726808117844612e-01
9.568357257230282187e-01
9.564437289770191253e-01
9.548944442363203056e-01
9.517010435241585187e-01
9.459406322925715260e-01
9.478503558302607823e-01
9.616767726288057982e-01
9.438176831777077558e-01
9.437455449701104282e-01
9.429709000999414448e-01
9.412190757014998743e-01
9.361682837042627492e-01
9.388646779097198358e-01
9.345710812918198718e-01
9.332000950502287173e-01
9.323901894944872648e-01
9.328187722988126040e-01
9.318209443447698082e-01
9.270588929098673159e-01
9.269051236077374689e-01
9.243401691059314196e-01
9.234320622577372184e-01
9.218667108119533715e-01
9.243523519059977378e-01
9.207569829822852547e-01
9.209211016030728336e-01
9.217909430927844205e-01
9.180087096545286318e-01
9.141307886024585549e-01
9.147590389808337719e-01
9.234162859106045396e-01
9.121094163562102342e-01
9.178197092572059068e-01
9.136028778072153855e-01
9.108124462732011262e-01
9.121345352822027852e-01
9.098757268953170385e-01
9.075583564812064186e-01
9.059548234613853390e-01
9.347651506480242345e-01
9.034316938432942479e-01
9.082541200161579065e-01
9.057228361373333980e-01
9.042562655221887402e-01
9.056906891073871479e-01
9.054082096995414997e-01
9.053146702849903527e-01
9.013866550528193411e-01
9.010820114667013048e-01
8.987065531372568916e-01
8.984626769965426973e-01
8.974787671122520516e-01
8.954341969983415916e-01
9.019945252322458806e-01
8.986631078755189517e-01
8.984665097663284694e-01
8.938065411071579591e-01
8.926226142209507941e-01
8.928921912005238770e-01
8.973830188462548207e-01
8.947317730238399935e-01
8.965020995035838380e-01
8.918135052842606214e-01
8.934009745927279367e-01
8.901258680457000416e-01
9.027935728737317422e-01
8.964708066380946416e-01
8.942746878565247526e-01
8.873026210710620587e-01
9.259428367232722668e-01
8.863894921233184121e-01
9.538327481993770229e-01
8.890089893358485984e-01
8.881585374529973320e-01
8.954442313802311038e-01
8.909871938127498225e-01
8.897388114940337767e-01
8.849080852080576376e-01
8.849853586073458400e-01
8.908398994236659263e-01
8.839245424896843284e-01
8.873962053450391574e-01
8.814954180132200667e-01
8.849782431404012994e-01
8.845684871797794280e-01
8.866796391154707635e-01
8.883042882683647168e-01
8.831696376047359909e-01
8.850609480665018181e-01
8.824343097332190133e-01
8.899857591325154305e-01
8.806415807633362069e-01
8.858352101244031385e-01
8.828383331712597037e-01
8.788985033697694904e-01
8.817594861887939617e-01
8.849666920836950501e-01
8.828158894247382094e-01
8.886955267128323621e-01
8.825087395659129141e-01
8.875984956941612714e-01
8.827352600797289117e-01
8.944968442156326915e-01
8.781639407897907645e-01
8.959243990873994035e-01
8.851437614422549283e-01
8.899024249858373814e-01
8.822722301946069878e-01
8.880393093769550772e-01
8.787477080119963091e-01
8.879118329717805569e-01
8.809027999815901566e-01
8.844767514286140386e-01
8.866163010022137803e-01
8.835884541633286515e-01
8.805280666074565277e-01
8.829367184630514398e-01
8.888668649846217518e-01
8.825330714055779069e-01
8.887111968859424671e-01
8.918058491858410486e-01
8.839140857152116837e-01
8.866164545468956382e-01
8.860236502626702704e-01
8.828412818609058244e-01
8.825377957752666980e-01
8.880023190231657315e-01
8.906977600491299274e-01
8.835805798958525914e-01
8.889481375632304339e-01
8.877248623285797224e-01
8.845000453059344014e-01
8.898080707242147502e-01
8.960496415939804837e-01
8.949943924755312530e-01
8.863715420265018130e-01
8.863973088827619140e-01
8.867252044428011182e-01
8.916894315091326018e-01
8.943347036874575995e-01
8.977307039770909824e-01
8.916751749103379865e-01
8.874885530059779537e-01
8.885734109788372415e-01
8.925443153924743633e-01
8.923584190699482832e-01
8.877816189235919753e-01
8.875840212763628223e-01
8.934599190385776879e-01
8.912653432778622209e-01
8.904507790817911550e-01
8.917071315028626266e-01
8.931326915162594027e-01
9.013820909645362534e-01
8.905861051772777648e-01
8.953456494013822820e-01
8.941575669511008240e-01
8.955771415497335575e-01
9.023188588126612730e-01
8.887387086029387984e-01
8.976896106371573536e-01
8.947212225304504996e-01
8.928030952970666956e-01
8.988160474359415675e-01
8.996272570688923498e-01
9.047682787694700801e-01
8.951688042158880698e-01
9.007488630238442706e-01
9.014058259505712822e-01
9.016374347628994812e-01
8.992033522246563049e-01
8.935789498989944457e-01
9.015529466736853514e-01
8.963910718279035628e-01
9.051477753078042143e-01
9.092182258488583635e-01
9.087629759383247796e-01
9.031118652591748619e-01
9.017777974337259916e-01
9.126404438121128448e-01
9.094692978179503839e-01
9.050494581087984436e-01
9.116372490641596604e-01
9.115370151845995084e-01
9.065366032242778704e-01
9.127628693578558883e-01
9.248205361064775198e-01
9.129573466356977196e-01
9.098084971786380981e-01
9.074721853429532636e-01
9.103663102177124156e-01
9.135346194355913330e-01
9.132535565642196929e-01
9.162577523423206527e-01
9.218202144693203870e-01
9.070533901054764758e-01
9.168867051814070246e-01
9.144202095547512288e-01
9.150678480105419732e-01
9.149690751753996043e-01
9.146492534297634425e-01
9.214868727687633987e-01
9.229429235209163362e-01
9.175009367865575305e-01
9.253636952883956823e-01
9.238238550239797897e-01
9.292190335444079352e-01
9.224629025431790863e-01
9.336219190448945549e-01
9.292568459250180046e-01
9.193507778597864721e-01
9.331215392429919042e-01
9.295535445579807821e-01
9.302291436471166186e-01
9.316404628735734939e-01
9.353392840370722272e-01
9.261642405748301554e-01
9.336223974451552943e-01
9.330477407417360203e-01
9.387623314430394439e-01
9.309759955966515621e-01
9.284400799790569758e-01
9.347751273880818834e-01
9.359199523419875488e-01
9.296429539155686150e-01
9.467374227830835931e-01
9.336556672115789990e-01
9.339255541640336666e-01
9.391458513405902542e-01
9.394725677896049731e-01
9.477645154836004115e-01
9.361957376138121401e-01
9.372453504947194647e-01
9.457744768227491772e-01
9.465811149716770734e-01
9.486338125326004844e-01
9.417835791720553518e-01
9.516784873414073642e-01
9.428122164633809810e-01
9.518671308160530087e-01
9.508770291561876586e-01
9.536014349303648663e-01
9.512766362047245794e-01
9.601900088248460641e-01
9.550258669278026691e-01
9.487847445214984132e-01
9.509684411597467690e-01
9.565276409543272962e-01
9.502277769400885310e-01
9.609023168221073607e-01
9.567050540852862772e-01
9.538570109373480932e-01
9.542712682030886073e-01
9.619557861667249465e-01
9.604843586223685836e-01
9.635524909341619537e-01
9.621060666921048554e-01
9.579617706343250827e-01
9.618919644911871902e-01
9.638471850775265359e-01
9.636891451371650819e-01
9.623079592068944921e-01
9.692415675772828587e-01
9.695765527146608109e-01
9.686922949407871242e-01
9.722764839816656623e-01
9.667335592880124118e-01
9.740664023880253319e-01
9.745987419136976637e-01
9.738798617901675003e-01
9.772621035109699816e-01
9.738478351718241610e-01
9.772115134152113969e-01
9.736185259220933030e-01
9.786616417448382732e-01
9.777248010769612474e-01
9.778303674200635731e-01
9.763156859709072322e-01
9.796106829708145503e-01
9.816943889302272019e-01
9.850790503604521797e-01
9.824808487335916496e-01
9.961953536369603235e-01
9.847911280709478188e-01
9.870618253109885165e-01
9.862669398693324485e-01
9.879642956001074561e-01
9.885350284479130778e-01
9.863097345428694096e-01
9.912467568484524261e-01
9.960877487872341618e-01
9.927828893202789162e-01
9.908778437565260999e-01
9.988889715818258797e-01
1.001351225423916969e+00
9.931825466690396009e-01
9.967042081784034391e-01
9.946676477693079388e-01
9.999734421817153551e-01
1.003378282067007410e+00
1.003210418710149154e+00
1.002521935453913215e+00
1.000594585649253299e+00
1.001074299484307595e+00
9.992997228546040001e-01
1.001905266958182716e+00
1.002473195565616759e+00
1.008038838995034991e+00
1.005030129098386737e+00
1.015451467920071238e+00
1.006649189965857172e+00
1.006243492013167318e+00
1.011577340960271076e+00
1.009900742280682717e+00
1.018534491884500959e+00
1.009975405436239315e+00
1.010249703259294973e+00
1.016615666702049836e+00
1.016311250519038811e+00
1.019650640507675732e+00
1.014819986240306449e+00
1.014936450909586396e+00
1.022215274889330727e+00
1.019519040869346638e+00
1.021229128228417160e+00
1.020732697819241475e+00
1.025075453343437859e+00
1.020112068144477080e+00
1.025803978594554522e+00
1.028505767529246606e+00
1.025735735342540478e+00
1.022834207891189395e+00
1.024166568102200747e+00
1.032110355157380921e+00
1.030239319478677418e+00
1.032971015338348897e+00
1.033097552337200131e+00
1.034462473704349739e+00
1.038333491817435839e+00
1.034934272404116840e+00
1.040384249803362859e+00
1.035720241395543750e+00
1.037731583197525342e+00
1.046211011286173109e+00
1.036858455433242732e+00
1.036062666672247889e+00
1.039565732980997304e+00
1.042673830155299131e+00
1.042980878326551730e+00
1.050398891861018758e+00
1.043007832842181903e+00
1.051476599289324021e+00
1.040330073905789687e+00
1.048438055168430472e+00
1.050213876625409881e+00
1.050868261388949065e+00
1.053674490660490237e+00
1.052670755816725867e+00
1.057187386493347203e+00
1.050674549230935728e+00
1.055712528660579963e+00
1.059923489439646094e+00
1.064461335437460798e+00
1.061580431420856563e+00
1.058557969899329487e+00
1.060512952582252977e+00
1.062978214626499218e+00
1.060606419636873188e+00
1.065660234985879251e+00
1.062051189088122793e+00
1.062809802933205594e+00
1.068657162268611183e+00
1.062315392208752929e+00
1.069434206987452285e+00
1.070538764902902562e+00
1.066791452956034503e+00
1.075167315451962535e+00
1.068130260993026992e+00
1.070983346899718303e+00
1.068977194326629077e+00
1.074730645734859102e+00
1.068638907104908720e+00
1.078465871312064728e+00
1.069598972812975557e+00
1.079742114709070666e+00
1.081672553929454494e+00
1.080105745871598133e+00
1.079785528879915413e+00
1.087642596078717494e+00
1.076561882185927521e+00
1.092167120087552012e+00
1.082325131913903782e+00
1.081828975469458332e+00
1.081121013757855298e+00
1.081014716927785280e+00
1.094382032200337918e+00
1.083997449939746671e+00
1.083993147922373446e+00
1.087818201091640624e+00
1.085014712156600503e+00
1.094041358300341438e+00
1.097479246290127941e+00
1.093446930623723778e+00
1.090365908398846617e+00
1.096595852505733770e+00
1.093427259176470878e+00
1.102145383552357361e+00
1.100642914285904883e+00
1.087170669069600804e+00
1.104505219832876417e+00
1.103353239616622794e+00
1.105637307238067413e+00
1.104460896889691623e+00
1.108746388864868315e+00
1.115140077113852657e+00
1.118025678766978892e+00
1.117593347250909419e+00
1.114125528542223575e+00
1.113908995194240692e+00
1.109532361589393057e+00
1.108963771440115709e+00
1.111734232248166254e+00
1.120713063018909716e+00
1.110324131348751298e+00
1.119462519022607072e+00
1.123791477364245672e+00
1.116491024612737082e+00
1.118509964931191147e+00
1.123108792844180748e+00
1.120101770854912582e+00
1.117244587651275767e+00
1.122481752064351967e+00
1.129085706369973963e+00
1.123183477252551521e+00
1.125583416859256003e+00
1.129280027518176688e+00
1.124619746010295129e+00
1.130239231250993237e+00
1.129671848317143290e+00
1.126939360991672689e+00
1.133509009993669325e+00
1.139958592344579857e+00
1.146121823791052430e+00
1.129432326088336103e+00
1.135312571991936137e+00
1.139622105617511316e+00
1.139586147921761050e+00
1.135592614200054529e+00
1.132763108849423661e+00
1.143981472133696720e+00
1.144481733050378480e+00
1.139881471860176854e+00
1.151517895008073777e+00
1.147232070896535339e+00
1.139695303828790474e+00
1.142753996168879738e+00
1.142600888931809555e+00
1.150674904424929146e+00
1.151696530885520930e+00
1.142801561035766911e+00
1.158424838035923221e+00
1.155256749188306786e+00
1.155756331435270567e+00
1.149756668834178930e+00
1.154279970689853885e+00
1.147332589918977686e+00
1.151542518653919434e+00
1.156688683303311427e+00
1.158395261338711180e+00
1.158162040071992527e+00
1.156255044708380142e+00
1.154902368166262017e+00
1.162280362781535237e+00
1.166498972768490461e+00
1.164933044766584214e+00
1.167397680424548723e+00
1.161111277445226131e+00
1.171027289802542226e+00
1.165113999782901644e+00
1.169020008270150068e+00
1.174668638894623252e+00
1.172326143420167721e+00
1.178061515726596342e+00
1.175978788728935687e+00
1.169837552607295494e+00
1.171981987884569865e+00
1.180560441757823487e+00
1.172967018438247688e+00
1.178179600923093595e+00
1.172922610148104283e+00
1.184910112619071310e+00
1.180197859022896312e+00
1.174745347128337780e+00
1.183704121165691792e+00
1.181990074914634592e+00
1.188097300094701936e+00
1.180031945646158764e+00
1.187628260835418503e+00
1.189154027274943015e+00
1.183573550836090282e+00
1.189550058630237883e+00
1.193905806443936513e+00
1.187366676951584710e+00
1.194255857866784787e+00
1.194569522390651173e+00
1.196932698818662377e+00
1.192326660141637795e+00
1.192924904049595725e+00
1.196305936933904857e+00
1.193770602893604371e+00
1.204737364081031936e+00
1.196819140432940909e+00
1.197744074301486439e+00
1.202641382303716311e+00
1.204257060839560189e+00
1.206640427588993703e+00
1.204784684064370337e+00
1.205397093663469921e+00
1.208083573055976023e+00
1.208644437050502507e+00
1.205998975386947114e+00
1.209716572844514060e+00
1.208573667914895289e+00
1.208647862857364030e+00
1.219257579257656765e+00
1.213339823623599045e+00
1.216386660208524484e+00
1.209285721760874344e+00
1.218963698959028452e+00
1.217745027652984424e+00
1.220299399775878202e+00
1.221825927465219674e+00
1.223673242300153508e+00
1.218001788653353623e+00
1.228316271957434980e+00
1.219331406886419833e+00
1.227043590358426473e+00
1.225407283907832268e+00
1.224806902203659398e+00
1.222933238897939479e+00
1.230413553338298049e+00
1.220272701075053368e+00
1.236134157429942260e+00
1.232163945558117701e+00
1.233464393400674819e+00
1.228648852271771785e+00
1.230387280959193586e+00
1.237792081643233510e+00
1.234070995810920390e+00
1.233259628974201938e+00
1.240712962569351374e+00
1.241891178116591998e+00
1.246530360692471584e+00
1.235731706859833245e+00
1.244069398670820670e+00
1.243102002156768915e+00
1.243411205785354579e+00
1.246324414008425085e+00
1.246594267568880587e+00
1.243176612602147735e+00
1.239542965709242273e+00
1.249244035904204297e+00
1.254733327277634203e+00
1.249094129038986534e+00
1.252661302470957638e+00
1.255902001440567295e+00
1.248088643181591850e+00
1.250957840116349473e+00
1.259584933029965992e+00
1.261341546149229442e+00
1.260701379735199135e+00
1.259221318616816410e+00
1.253146812727962356e+00
1.252674347946681088e+00
1.253023914042967979e+00
1.263950238650808577e+00
1.267124734410771447e+00
1.265065663919634265e+00
1.268336602271044944e+00
1.267146210480042834e+00
1.266678333241339383e+00
1.268538778445590598e+00
1.272448992509471077e+00
1.271426000305513559e+00
1.266502388063976747e+00
1.276667359947472491e+00
1.278054002528196786e+00
1.276451335941100718e+00
1.276228232027326825e+00
1.272921830906988072e+00
1.277827140578660536e+00
1.283567175339612065e+00
1.278181413939855515e+00
1.279206215501720090e+00
1.274319732334570743e+00
1.281200763054668013e+00
1.279679917937398770e+00
1.280904220990181086e+00
1.285083489953308789e+00
1.285374349645040049e+00
1.285658259716069063e+00
1.286623508939969796e+00
1.287371316719708059e+00
1.280758384486574863e+00
1.286008549274157087e+00
1.286769042838926458e+00
1.291740400792474874e+00
1.297744637286732061e+00
1.294395858156308643e+00
1.296099654503876764e+00
1.292443840618329842e+00
1.302748782183862142e+00
1.297592067618799083e+00
1.298016656936003876e+00
1.293358133474524108e+00
1.299488107759331657e+00
1.304484863799281191e+00
1.301443595806088593e+00
1.308037497830416562e+00
1.303175004647806556e+00
1.302038334262303421e+00
1.306894117148059031e+00
1.309343440753107934e+00
1.309685478655896462e+00
1.313433999057729507e+00
1.312949020598775718e+00
1.310279245943177795e+00
1.312699265539698956e+00
1.318557394438169217e+00
1.312509065322785107e+00
1.314715907916597981e+00
1.317279079992586199e+00
1.317022129507133155e+00
1.320387731248462426e+00
1.317225629803693732e+00
1.331130116678960862e+00
1.321183391229950432e+00
1.328039137048935503e+00
1.323853108752184982e+00
1.320777887732945688e+00
1.339259232142033573e+00
1.329600457232631205e+00
1.328027448012085943e+00
1.330960691301103171e+00
1.331936419194573062e+00
1.327325534014202280e+00
1.327215515062178719e+00
1.333985979025611224e+00
1.331055511687799120e+00
1.327825733959705046e+00
1.336386983584570975e+00
1.331927917016141549e+00
1.336847541874262246e+00
1.337207108598533756e+00
1.345258453186731096e+00
1.334790538325358433e+00
1.339403109174183593e+00
1.343833657650106872e+00
1.334324822291051982e+00
1.338402587508027874e+00
1.345725899529519820e+00
1.351655929700346537e+00
1.347646506238353137e+00
1.348748655715258593e+00
1.344169376653020054e+00
1.343926095337630855e+00
1.346730074411341294e+00
1.353835974218819960e+00
1.353819014150356104e+00
1.355488906676379335e+00
1.350934969650279038e+00
1.360025652152278441e+00
1.354703585910627117e+00
1.359008388859670236e+00
1.360705602057768360e+00
1.358724020923508302e+00
1.358743495258989853e+00
1.358637056386118758e+00
1.363376111505253618e+00
1.361026749945504433e+00
1.368298538911373541e+00
1.367974975438428720e+00
1.371882834026214137e+00
1.369302775859653432e+00
1.370465804466621806e+00
1.367995905250152244e+00
1.367844590850376241e+00
1.368624050941926074e+00
1.369948981225255435e+00
1.368054307429619421e+00
1.372449704510562363e+00
1.373324511844988605e+00
1.382211035177190794e+00
1.373243109062785683e+00
1.377645697616090903e+00
1.380706650874010455e+00
1.383753812650241777e+00
1.380339358206182476e+00
1.390600173207860113e+00
1.390936925559744797e+00
1.385262998802199386e+00
1.385878293631438440e+00
1.383334513350261918e+00
1.391361374020365416e+00
1.384710973839989423e+00
1.391053601769921988e+00
1.392616446463452506e+00
1.397583053299587652e+00
1.387966487389771020e+00
1.394516748300835829e+00
1.402691505019486140e+00
1.384413346601233608e+00
1.396700468493337732e+00
1.396025879217470234e+00
1.401058575073961032e+00
1.402084713178739728e+00
1.396554808416095250e+00
1.396947622880963635e+00
1.395954444814829554e+00
1.404289343811754520e+00
1.400644697485472490e+00
1.403352614634024498e+00
1.407203064314485941e+00
1.404493468735876105e+00
1.406640179913379418e+00
1.409090778633760088e+00
1.409344499385357885e+00
1.404197975397368348e+00
1.406437093045783016e+00
1.409123555595864552e+00
1.410267508134191106e+00
1.421109801395462169e+00
1.417083407633122460e+00
1.417323291383854045e+00
1.412918241032105282e+00
1.420922866189442857e+00
1.415273608653011328e+00
1.427956455113863043e+00
1.430642871685253725e+00
1.421802640854425759e+00
1.424969522006097833e+00
1.420624838030402959e+00
1.432078035302435826e+00
1.421129071695129920e+00
1.424015674423925404e+00
1.428367182879855202e+00
1.433784565555258128e+00
1.425610437808727315e+00
1.433318668850288136e+00
1.426535448697232145e+00
1.434344541573559617e+00
1.431160613031019935e+00
1.433463557852646675e+00
1.443872826214958049e+00
1.440421262872280117e+00
1.442578922183769485e+00
1.439493492931311014e+00
1.436672683712548082e+00
1.442968816045357761e+00
1.443597057946915729e+00
1.446038004347706796e+00
1.445237716337200551e+00
1.451876831981095961e+00
1.447970098574798969e+00
1.437865171790764451e+00
1.446853924956642778e+00
1.448916558888342143e+00
1.446553930736631299e+00
1.450034550313968884e+00
1.452371853940158219e+00
1.455452362812728273e+00
1.450667215577657654e+00
1.453761230330548493e+00
1.456898415795925050e+00
1.459808695520657729e+00
1.456250751688448197e+00
1.454365887905527677e+00
1.465356688871099600e+00
1.455910021394110743e+00
1.465019045523052732e+00
1.464396609587093057e+00
1.467295117514103131e+00
1.472762515630549052e+00
1.464934190499293631e+00
1.466531818608587834e+00
1.460782944832090369e+00
1.472274541115845103e+00
1.472098642924537293e+00
1.470541058739113227e+00
1.479430573047180397e+00
1.468602656371333470e+00
1.471341130072167935e+00
1.472827009069263227e+00
1.475191916858188845e+00
1.479343249450212339e+00
1.479864124088285493e+00
1.478477619441639579e+00
1.479765712425537227e+00
1.484228412698938904e+00
1.479072401848342100e+00
1.472389860700370035e+00
1.487861347077710672e+00
1.481651625492819147e+00
1.485297263698202030e+00
1.482763108521557793e+00
1.486930314000865172e+00
1.491191507094929980e+00
1.481466141925508184e+00
1.492915977374307701e+00
1.478877938747312992e+00
1.492303580321657552e+00
1.494763347512499063e+00
1.494867973167588682e+00
1.495175418079542906e+00
1.501388566626164600e+00
1.497462347006975003e+00
1.490460345268811659e+00
1.498297821716308986e+00
1.493100049102304094e+00
1.492797881207416077e+00
1.501614753299339355e+00
1.503026553508846064e+00
1.504527960327995739e+00
1.505395588628144488e+00
1.501709501982074091e+00
1.507177517842161141e+00
1.504460600509487378e+00
1.506290352672824850e+00
1.513737309223861960e+00
1.513140902315316394e+00
1.514015871382979883e+00
1.515381966501727629e+00
1.512971823415144801e+00
1.508956689684655794e+00
1.514119530673674996e+00
1.515257699256491009e+00
1.515050913936862420e+00
1.515979555066464091e+00
1.524670630735465604e+00
1.518973695427944914e+00
1.530016200622591027e+00
1.522849774292836633e+00
1.514973502099388192e+00
1.517925241275015935e+00
1.524532610253144016e+00
1.524800269208695935e+00
1.526245351175059106e+00
1.528048335266376068e+00
1.527966441483356475e+00
1.525416098321702885e+00
1.539965696955761576e+00
1.532881457330868225e+00
1.527644935210770605e+00
1.524957245301086006e+00
1.537982920478201843e+00
1.540213253703926366e+00
1.534972447926182593e+00
1.541433797409784701e+00
1.536390429486683695e+00
1.540459705657602152e+00
1.537118049539052622e+00
1.539127769777471899e+00
1.537379954258876857e+00
1.533443688403389515e+00
1.543869240459187164e+00
1.547534109651489631e+00
1.537510815652204599e+00
1.544778127095501663e+00
1.548274126758757863e+00
1.549678511839928996e+00
1.552142083128478456e+00
1.548309468318247228e+00
1.546896047277893205e+00
1.551746608755805834e+00
1.562080385552076844e+00
1.554411226193671558e+00
1.553194924861274417e+00
1.556583542589099478e+00
1.564729846633814869e+00
1.563459435891808358e+00
1.565120489219785638e+00
1.561357393605837141e+00
1.564385213565040900e+00
1.565163160855387536e+00
1.565526590407280816e+00
1.561635850822374216e+00
1.573997382706602721e+00
1.569407673477101861e+00
1.561849634698169176e+00
1.568627388242175513e+00
1.575065254122189673e+00
1.574755014891984217e+00
1.568998193065308522e+00
1.572407270589291306e+00
1.575771950260863363e+00
1.573776265779094574e+00
1.574073392159434315e+00
1.574631585373242215e+00
1.577928325276166444e+00
1.585310238455147180e+00
1.581087679828801607e+00
1.589127925177182155e+00
1.580606884952229674e+00
1.587662958877215091e+00
1.587936145088893580e+00
1.587764407327085125e+00
1.583795383199218421e+00
1.600378143083124760e+00
1.588309035087218213e+00
1.584975263038167270e+00
1.588319250884890899e+00
1.590979251667143712e+00
1.583567808991871217e+00
1.587541139449963445e+00
1.593080936293282512e+00
1.594272930901747598e+00
1.594260038681751146e+00
1.598535574218804989e+00
1.599180519874149997e+00
1.598703331168658037e+00
1.597430317187293225e+00
1.604046022938046212e+00
1.599499820112117332e+00
1.606655566429677551e+00
1.605831995560008663e+00
1.608190026357328772e+00
1.613307699929504180e+00
1.603677754093281616e+00
1.609539741693251536e+00
1.610798474262344238e+00
1.605833475138466193e+00
1.609862816590538204e+00
1.607866624972853486e+00
1.609429785109887101e+00
1.612258598613816041e+00
1.622045859465456985e+00
1.610253105284618069e+00
1.623373100920078471e+00
1.621970292734633556e+00
1.614875116339492100e+00
1.622074479336798269e+00
1.624861983908632901e+00
1.629978695684973333e+00
1.627810756719739738e+00
1.616912376701102216e+00
1.628948542288360724e+00
1.625721326727056493e+00
1.629099557524022579e+00
1.620161801217089970e+00
1.627172090014793904e+00
1.623203554702251195e+00
1.626035063330567132e+00
1.623219656089692764e+00
1.633293721255807851e+00
1.634023789305032226e+00
1.632048895714024228e+00
1.631561835974512764e+00
1.634516782805698787e+00
1.638964917432895296e+00
1.642088839037081804e+00
1.637317419681979080e+00
1.646434804581482947e+00
1.645491485026907341e+00
1.638776553686806636e+00
1.640136774992214663e+00
1.643955725886697694e+00
1.651556584928881577e+00
1.645143833561397706e+00
1.649444570367525564e+00
1.635414502133592185e+00
1.651711303919093154e+00
1.646327236292121965e+00
1.655547446324755478e+00
1.649316778768578295e+00
1.652343912245547441e+00
1.651274262687998373e+00
1.662565799342142547e+00
1.653611677141371139e+00
1.661212502923495204e+00
1.652655420957077403e+00
1.659519551863630760e+00
1.660486576597086872e+00
1.660049629721456421e+00
1.659980702173824207e+00
1.665115815358218621e+00
1.661621354324458677e+00
1.663474344578730779e+00
1.666369421076787205e+00
1.671583561036026344e+00
1.667424185097930778e+00
1.672974037136716996e+00
1.667136029127597618e+00
1.668583384113814683e+00
1.664334694765370992e+00
1.674675339345985448e+00
1.671920658236936585e+00
1.673843982123237151e+00
1.681463209951939319e+00
1.679794120239227029e+00
1.686013641997949009e+00
1.672652051492580449e+00
1.685047675248574794e+00
1.683797686904688007e+00
1.685248472769931283e+00
1.693722235985291480e+00
1.685686127841612203e+00
1.683008291272724666e+00
1.686888054796234604e+00
1.687468225663918853e+00
1.689446428950096557e+00
1.689084972253293460e+00
1.692595438988604428e+00
1.691909832603217145e+00
1.701631753294228444e+00
1.687803589586911901e+00
1.695499794766652801e+00
1.695104533509005806e+00
1.700508095331838332e+00
1.699714408403490529e+00
1.702631079162542305e+00
1.702209018792824047e+00
1.696671040197551328e+00
1.703736124172096744e+00
1.703997572247753167e+00
1.700447956305823904e+00
1.708336960544238892e+00
1.705814647675069962e+00
1.701892977910554716e+00
1.709044567401569070e+00
1.711120593453489214e+00
1.705797701449756731e+00
1.709890396925554334e+00
1.704902892202017739e+00
1.713740999083379624e+00
1.710818678324049325e+00
1.717287147638203004e+00
1.711949887644355073e+00
1.714208633105946067e+00
1.717593820469376587e+00
1.720018605715203153e+00
1.718587652854381531e+00
1.715344597741800481e+00
1.725383837688491573e+00
1.722654671095922962e+00
1.721076685267512119e+00
1.723483172484325365e+00
1.731294924144060277e+00
1.728044879509943454e+00
1.729842339139020524e+00
1.731182452330053190e+00
1.725221534561866665e+00
1.725968215663460148e+00
1.727216196212030264e+00
1.732136790385649938e+00
1.731422820929873430e+00
1.724149908755467031e+00
1.732937310434603750e+00
1.737980421560660460e+00
1.730597898103399812e+00
1.737424088571800418e+00
1.727323313131636340e+00
1.739835241326698867e+00
1.745455548701689619e+00
1.740862509911070832e+00
1.744043267117882046e+00
1.743203635110205818e+00
1.736877933820160536e+00
1.743059767082996592e+00
1.739941313610592788e+00
1.749055179817218919e+00
1.746661009923971442e+00
1.750325164670771816e+00
1.758504185533370512e+00
1.750744421323452427e+00
1.752921176217425714e+00
1.758708972623266531e+00
1.748896712494713013e+00
1.755662021383577631e+00
1.752178850927739839e+00
1.759635666607693327e+00
1.758401048107299136e+00
1.763216474379811993e+00
1.763320224141471160e+00
1.754523418233002285e+00
1.766921759236989464e+00
1.763256350214399415e+00
1.762445253362772579e+00
1.760413951796311771e+00
1.762574944002577304e+00
1.767295438770474680e+00
1.771606300736767947e+00
1.761624737694829079e+00
1.769162942083749357e+00
1.770247882330375999e+00
1.762932051268870204e+00
1.774651286928849547e+00
1.772984443707502855e+00
1.780347624825140418e+00
1.768646678877022316e+00
1.775044796227892130e+00
1.781858818882269935e+00
1.784513682162373049e+00
1.776819172187167784e+00
1.780579331341418881e+00
1.779381994895585573e+00
1.782455529528240934e+00
1.785983046058801538e+00
1.788523837896869306e+00
1.788232418129195089e+00
1.789907077554035331e+00
1.780586863358181171e+00
1.782673291539135452e+00
1.784718695116851439e+00
1.790672713749761114e+00
1.796184978385000575e+00
1.794113205904720454e+00
1.791672265220874971e+00
1.801040880071224759e+00
1.796723424738616570e+00
1.797827714942072719e+00
1.800836772656734919e+00
1.793775302777323333e+00
1.798941706599104240e+00
1.803619786450054718e+00
1.803898688358782199e+00
1.804091931013342753e+00
1.811197341011628881e+00
1.804111329634518812e+00
1.803481317985048182e+00
1.808687190239122167e+00
1.804742229964880318e+00
1.816193318837219239e+00
1.807462951842672583e+00
1.809010743995800752e+00
1.815556352823285868e+00
1.815894312644563247e+00
1.820044138142453471e+00
1.813456873720662887e+00
1.820525828794253842e+00
1.819594239990923512e+00
1.820490579209597115e+00
1.812991977714529135e+00
1.817898292749254630e+00
1.823091784899606438e+00
1.825595152100398577e+00
1.823041558317642918e+00
1.826786518304244655e+00
1.832283662287645498e+00
1.817677359440240226e+00
1.828240541067742919e+00
1.829122785801208240e+00
1.826715340382928376e+00
1.829233660175072052e+00
1.830234752391933339e+00
1.822971719959685322e+00
1.823996779111944244e+00
1.842925155021005512e+00
1.833975556266879137e+00
1.838792344604144757e+00
1.839025184838074978e+00
1.833298378751091473e+00
1.838954111284488713e+00
1.841419459164512995e+00
1.834207163146363229e+00
1.848512337184281096e+00
1.846300225205705026e+00
1.845416589123680451e+00
1.846044651191382835e+00
1.849920213173164241e+00
1.845800420560894883e+00
1.853063146942908856e+00
1.849360422761907374e+00
1.848209807238484048e+00
1.849458246311537435e+00
1.845850751957448965e+00
1.849513403617524476e+00
1.844422981049172572e+00
1.854187806371590863e+00
1.854549233547814424e+00
1.854576604542357288e+00
1.854262443031955865e+00
1.854814851296962663e+00
1.853613117647214370e+00
1.855807937113059358e+00
1.863569917759126726e+00
1.862974564604101158e+00
1.860540619691814612e+00
1.859775220412017038e+00
1.866639592977223261e+00
1.864477030240711208e+00
1.869197334427052715e+00
1.862588095542345723e+00
1.871799518059822143e+00
1.867426132462560062e+00
1.874811313325464246e+00
1.859912944948894920e+00
1.872764337325345085e+00
1.873846012847244280e+00
1.868260484919998188e+00
1.870772965821403178e+00
1.877245381862781004e+00
1.883561608101997020e+00
1.878752013984455349e+00
1.879133993761801236e+00
1.875741102367188828e+00
1.884771546744689275e+00
1.883158338586707670e+00
1.882464930252554236e+00
1.883216906177364480e+00
1.885951875195119420e+00
1.885436623734727757e+00
1.892562358593392169e+00
1.892684065337061128e+00
1.887854388783632320e+00
1.889829587891476370e+00
1.886621309164745242e+00
1.892699144833958513e+00
1.892952503653044793e+00
1.895887238664729635e+00
1.899338245439975204e+00
1.891368341059618263e+00
1.896290885449834152e+00
1.898044363183862826e+00
1.904953322415297912e+00
1.894290587843476814e+00
1.903066834910405403e+00
1.899116031625634138e+00
1.900141850270594013e+00
1.899978671625087934e+00
1.900839990077150432e+00
1.905352642698289412e+00
1.904205976395624278e+00
1.912259045867392260e+00
1.911223043423391665e+00
1.920259827492239335e+00
1.910316334367289981e+00
1.910751979331723582e+00
1.914725958033193676e+00
1.908982147684710862e+00
1.913733284353628994e+00
1.916089096264112390e+00
1.916640406765485194e+00
1.910987340241208088e+00
1.914305288456226828e+00
1.915021230319105205e+00
1.914622983379789423e+00
1.921222565396933701e+00
1.913433565674257597e+00
1.924501335549711145e+00
1.921898625206392319e+00
1.925389703950485698e+00
1.927470284489941177e+00
1.925097604560287889e+00
1.928564445522639392e+00
1.927407770791953023e+00
1.938471629203898594e+00
1.929193433225213417e+00
1.938520298094589700e+00
1.927167381000124857e+00
1.939297652343726863e+00
1.933543027597645070e+00
1.929993219916258385e+00
1.935270373452328885e+00
1.940555951992293915e+00
1.939040683976837043e+00
1.944926475597099635e+00
1.944505889031472146e+00
1.938688003698441964e+00
1.941808888272766653e+00
1.946484767960460660e+00
1.945221648662877723e+00
1.950202909422630748e+00
1.942345133710353666e+00
1.947745516706242963e+00
1.945760700911492114e+00
1.950286688119228673e+00
1.957563165182994558e+00
1.955259345190348608e+00
1.959224704640650350e+00
1.948117311148299224e+00
1.948436600284507492e+00
1.947664858388184372e+00
1.962503197482546424e+00
1.958932221621147773e+00
1.955216329936333652e+00
1.961968744727721647e+00
1.959706594978709804e+00
1.968843220679977080e+00
1.962998464055569547e+00
1.965814379382371690e+00
1.970228308069004175e+00
1.964028791021305453e+00
1.967307726004930313e+00
1.965107645556016358e+00
1.974088210254359987e+00
1.974148249616247908e+00
1.979351171771170703e+00
1.971933404338402029e+00
1.972163756488364728e+00
1.978484388758180668e+00
1.975502006955241363e+00
1.977285281297405772e+00
1.983811040668626013e+00
1.974648468424058390e+00
1.985402823274323492e+00
1.978778153274199259e+00
1.978835458065928865e+00
1.977424199378424952e+00
1.988535512213179146e+00
1.988209428916801969e+00
1.983038126380536115e+00
1.978251495828910134e+00
1.994076266046955315e+00
1.990498329403386446e+00
1.982171456142703958e+00
1.989953697156488399e+00
1.996530344711142657e+00
1.987304245713515938e+00
1.993567616996429370e+00
1.989740115179722268e+00
1.989989279724402982e+00
1.990654948258659074e+00
2.001044411982511484e+00
1.995910642754922915e+00
1.997671144206385474e+00
1.996249334076821036e+00
2.003564389419842939e+00
1.998495711118976947e+00
2.001055237873053727e+00
2.001430449788488719e+00
2.005706109417744631e+00
2.012051413377472286e+00
2.011051601525896793e+00
2.009216131082725898e+00
2.007155715472816127e+00
2.013128539817912621e+00
2.007700482186648205e+00
2.007037546473542822e+00
2.011599454210327931e+00
2.019881077094071387e+00
2.012575152721569172e+00
2.016930477308079617e+00
2.012237077335305546e+00
2.010419659392044700e+00
2.015928972096339589e+00
2.019682243566875979e+00
2.020201419331606463e+00
2.021278680389110516e+00
2.018549367450669152e+00
2.017289326054148013e+00
2.025400953616168565e+00
2.025624601878516895e+00
2.027515631812446983e+00
2.026927454992057509e+00
2.023224787460955909e+00
2.031477392537742066e+00
2.032012763071963324e+00
2.032780321419529912e+00
2.034672582296758403e+00
2.038765843553720369e+00
2.037183150927569741e+00
2.043375659089513796e+00
2.038731655279129029e+00
2.039970464340613354e+00
2.041362388756865265e+00
2.039164392580527618e+00
2.041288502434503549e+00
2.046602050084537883e+00
2.037409546474238553e+00
2.049520678977947874e+00
2.046515623384453697e+00
2.047666392458303175e+00
2.052036068385432621e+00
2.042503729545457336e+00
2.052432697147725804e+00
2.045472115178069927e+00
2.056530008422084332e+00
2.052739898767314664e+00
2.057412392399955881e+00
2.057652077271458158e+00
2.054236314826732634e+00
2.061226795544357948e+00
2.051312605132528777e+00
2.060179802611444622e+00
2.059265035838507618e+00
2.063845418857872094e+00
2.063701278690539542e+00
2.060359050807901049e+00
2.060408631104146515e+00
2.057228369748198560e+00
2.060335973106465435e+00
2.062139225026609957e+00
2.075004481386648614e+00
2.066366689173140259e+00
2.067637392760508064e+00
2.067678575598192570e+00
2.066292175381796881e+00
2.066418699798271863e+00
2.075407428521335529e+00
2.073061695192744303e+00
2.083520002068878885e+00
2.080751507678471501e+00
2.073173064148892131e+00
2.072213700184202256e+00
2.081620765927033823e+00
2.080817948288674835e+00
2.082750169727503486e+00
2.079996969335838219e+00
2.080453101907676405e+00
2.082785866914944606e+00
2.081274740231311426e+00
2.090507089266159024e+00
2.082401655752907921e+00
2.087668412577041721e+00
2.090300516082741922e+00
2.090650503261616500e+00
2.085538034168451738e+00
2.092459628957702211e+00
2.091644238395453659e+00
2.085614145901628191e+00
2.095241752059901152e+00
2.101336125538957322e+00
2.102315049747590869e+00
2.101428426866525978e+00
2.103797884867312007e+00
2.103247973050094810e+00
2.098985475503522657e+00
2.093891547683723875e+00
2.104826763892345021e+00
2.104487684852150320e+00
2.104653673967948890e+00
2.106841859989400767e+00
2.100863904328692744e+00
2.107367207535483455e+00
2.094878365643844553e+00
2.112321438542900776e+00
2.113914326017656276e+00
2.115570603680091644e+00
2.111374553227649109e+00
2.110402033540387468e+00
2.107970547976737663e+00
2.116820593658180538e+00
2.109136664579990050e+00
2.121976450761028588e+00
2.121441683404985845e+00
2.119640794000440032e+00
2.124303534846379016e+00
2.117614936551053706e+00
2.116994617659974320e+00
2.122186170159750862e+00
2.127630223942711840e+00
2.126270004089779064e+00
2.127284066608353008e+00
2.122375596264789444e+00
2.132908573165304578e+00
2.130440389156106118e+00
2.131230844899056009e+00
2.131982272697720227e+00
2.134694909170477661e+00
2.140754273550947051e+00
2.136741356434622929e+00
2.134000651637122825e+00
2.125128176828830817e+00
2.141657232992355109e+00
2.136527080715935778e+00
2.137215968072243122e+00
2.140776623975412019e+00
2.136656544108667344e+00
2.141152556008986796e+00
2.138384825944610323e+00
2.143616278273965392e+00
2.142786739140884134e+00
2.142659507483774206e+00
2.139761238347791306e+00
2.150184995273274779e+00
2.151944831738458852e+00
2.149424401048314337e+00
2.151911361383848309e+00
2.149093139385969131e+00
2.146712923466679079e+00
2.153163442340596756e+00
2.150352371298169363e+00
2.151737899266416676e+00
2.155049804312946904e+00
2.158653440722061223e+00
2.162785133775068758e+00
2.166691700481243821e+00
2.160098975256036891e+00
2.167991014283778384e+00
2.160186851167113620e+00
2.161905624931110825e+00
2.154976826585472960e+00
2.163269860503968633e+00
2.162515481699058828e+00
2.167105414778407013e+00
2.175786509349226794e+00
2.167120714650933255e+00
2.172944303769350327e+00
2.166952631485024483e+00
2.175249069887936315e+00
2.174597297827729481e+00
2.176986745304867910e+00
2.166306766458402144e+00
2.183963167925566662e+00
2.175088234498534945e+00
2.180597109544180512e+00
2.179153157165363730e+00
2.174755918781925423e+00
2.178943798395053921e+00
2.178093680615971639e+00
2.179817473388484750e+00
2.185453630286399829e+00
2.186223429677483843e+00
2.184058277770639656e+00
2.184760377928319119e+00
2.187076475697914191e+00
2.192107194250220381e+00
2.196019902883353581e+00
2.193150368599909417e+00
2.188772802946933993e+00
2.196878074948153348e+00
2.195526963881365479e+00
2.193859189899814321e+00
2.194107045205701656e+00
2.199089379526237842e+00
2.202856393165552262e+00
2.192262143414590359e+00
2.191545277432077388e+00
2.198314751901420117e+00
2.200345203875679001e+00
2.198934809459077488e+00
2.195920058195006241e+00
2.198620173013523527e+00
2.206644673800566725e+00
2.202631903196434315e+00
2.203749186721809306e+00
2.208433807555466810e+00
2.211062137008495743e+00
2.209477287618960784e+00
2.219855535982307781e+00
2.210208562697701051e+00
2.217244325677466321e+00
2.220568370579262041e+00
2.217386262831118060e+00
2.220149984604530946e+00
2.213046357667920461e+00
2.214042553321313722e+00
2.217219367726095403e+00
2.225279768839829586e+00
2.219564013298385152e+00
2.228466647758710284e+00
2.216037921672735500e+00
2.221551838615562158e+00
2.232581033165500273e+00
2.224641214346330109e+00
2.228068231622266193e+00
2.230979296409751012e+00
2.229553381044232729e+00
2.232328705750100006e+00
2.229446701918923690e+00
2.228546888559171713e+00
2.231099434709489682e+00
2.224938055120004421e+00
2.236593404013094588e+00
2.235637822359675120e+00
2.236766054904961720e+00
2.237011084978155040e+00
2.245164064320484876e+00
2.242893999429919294e+00
2.234691001265043386e+00
2.243581313634155805e+00
2.243823416220034783e+00
2.246400824507116312e+00
2.239376572801167864e+00
2.238247249472387512e+00
2.244484113518858237e+00
2.251383138959073715e+00
2.249101568903621562e+00
2.257937757564831838e+00
2.254658032797276945e+00
2.259748506798317624e+00
2.253282655563837888e+00
2.250501501311569008e+00
2.258242936456098082e+00
2.254301572758040439e+00
2.248409688985348875e+00
2.259975916827046571e+00
2.261802936731135194e+00
2.257781064381878533e+00
2.264708290795323542e+00
2.264449329863138960e+00
2.269098398052594501e+00
2.265993573616482681e+00
2.263401513051117142e+00
2.269364474421262656e+00
2.270447968883666512e+00
2.264911935359667616e+00
2.272555879126494816e+00
2.269801218205507620e+00
2.270244111095775619e+00
2.272093452475499653e+00
2.270950541699382708e+00
2.267853393816507523e+00
2.280205679051738432e+00
2.280209281387271858e+00
2.273660267586156802e+00
2.281029067565917501e+00
2.277634798381119374e+00
2.282119650979045566e+00
2.279706582272862825e+00
2.286241304339241776e+00
2.285409006988224689e+00
2.284735470892595099e+00
2.279018436705618544e+00
2.287229936937698938e+00
2.284267919722939411e+00
2.287562162596551651e+00
2.290036614251547142e+00
2.289885108318142848e+00
2.284211920081747671e+00
2.292745209905108883e+00
2.291776159277160829e+00
2.297712282159101171e+00
2.295872095661033896e+00
2.292189866626622941e+00
2.297230477053254560e+00
2.295459108549657401e+00
2.300744414020503115e+00
2.300637214957697019e+00
2.305717995681183741e+00
2.308219045891627630e+00
2.300776388406307937e+00
2.303290861836464032e+00
2.304554962517676664e+00
2.311942098139438517e+00
2.302719238421969017e+00
2.307867742191516580e+00
2.314334086759040954e+00
2.306319055208288837e+00
2.312645211384221078e+00
2.316179265791887154e+00
2.313125069044043691e+00
2.309980724053285250e+00
2.315241815311221973e+00
2.322809108753503438e+00
2.318788739089975959e+00
2.313206643102297733e+00
2.315381871006774617e+00
2.323400196342939594e+00
2.321260544299521555e+00
2.321636376957392223e+00
2.322467767577204967e+00
2.316692227087109313e+00
2.326609334988168243e+00
2.328692957454055801e+00
2.324612056112158154e+00
2.330008108701553393e+00
2.327437579880420770e+00
2.325161423607928324e+00
2.333595837340988854e+00
2.331195457479372735e+00
2.332028951840660280e+00
2.335400441061343368e+00
2.331979915140645510e+00
2.338551690344999656e+00
2.335881608120776054e+00
2.335975002584112836e+00
2.342551379953859314e+00
2.340402122230113235e+00
2.337731126728978648e+00
2.347692017360480499e+00
2.342927881614133678e+00
2.345056267695491581e+00
2.348092853754623732e+00
2.343033833116801912e+00
2.344242925901214303e+00
2.345184283155872240e+00
2.350966328408679473e+00
2.350505011003524825e+00
2.342149535657661374e+00
2.356870435032034639e+00
2.351999362816783901e+00
2.352385149825197086e+00
2.355947894730355596e+00
2.360349709697594278e+00
2.359231992981762449e+00
2.357744650853563328e+00
2.363718840347610151e+00
2.357900935930191899e+00
2.355676224260020213e+00
2.362163956943585941e+00
2.354328045425193583e+00
2.365194769325079438e+00
2.363876682926875361e+00
2.361128842701166963e+00
2.366613247989875379e+00
2.364586180936982807e+00
2.367057821887273761e+00
2.367707874121190770e+00
2.371096531652176154e+00
2.378374441247970594e+00
2.370364898449414781e+00
2.371158488064192493e+00
2.375321255062317949e+00
2.382009506993944647e+00
2.379208163857729819e+00
2.376605036322634756e+00
2.381383235295321033e+00
2.376517199863014795e+00
2.383371711038137164e+00
2.379867777369175208e+00
2.373074077741907928e+00
2.384444935339937288e+00
2.385409439358227246e+00
2.384343758088332876e+00
2.391739368790130715e+00
2.382043175931687795e+00
2.383534825526410827e+00
2.381829060016700694e+00
2.386037400575768963e+00
2.395234428711976893e+00
2.389803152941184727e+00
2.389804036996146852e+00
2.403111012273324132e+00
2.400238400156287533e+00
2.396193288284295786e+00
2.405128411846479963e+00
2.395660185563837530e+00
2.398433265160824224e+00
2.399291689940496575e+00
2.395828021297917054e+00
2.402336714768802395e+00
2.404573280652651857e+00
2.406149729967078432e+00
2.409178220406835269e+00
2.405375750750173403e+00
2.403733803585223150e+00
2.410329444004763122e+00
2.412049451872407158e+00
2.411765593958940190e+00
2.413676537223481411e+00
2.417361254790139302e+00
2.412084990386637262e+00
2.417128454267541748e+00
2.415641253180904169e+00
2.415545888778456440e+00
2.419808501833192071e+00
2.421174800688799422e+00
2.417929753423095462e+00
2.420207384065248490e+00
2.424422571273646909e+00
2.429593736797495573e+00
2.425984505060426066e+00
2.422003187344515140e+00
2.424862208122504192e+00
2.422967390571897806e+00
2.426810027759103594e+00
2.424248787815991513e+00
2.427876553774162893e+00
2.430902252060086255e+00
2.435295320866524449e+00
2.428116273046160511e+00
2.431982651702460974e+00
2.436195159296301593e+00
2.435628861275653367e+00
2.437175690985516230e+00
2.432468496164660987e+00
2.435408125821233671e+00
2.439387536664844536e+00
2.435293172290994068e+00
2.441920970566719085e+00
2.443560997550959346e+00
2.440038153039078672e+00
2.437284658826701644e+00
2.448529460660145318e+00
2.449978720839373736e+00
2.457179136172388478e+00
2.445853611144645168e+00
2.450996374321399607e+00
2.449162572754008060e+00
2.448912893242605637e+00
2.449143209178315850e+00
2.454659898212325775e+00
2.459454986993530934e+00
2.453180490355680199e+00
2.462256947731880086e+00
2.461298978259911507e+00
2.453451935871651557e+00
2.458380811760608964e+00
2.460362297212931093e+00
2.463152504069726412e+00
2.456138078852894591e+00
2.463422621849072680e+00
2.465397069125261353e+00
2.468961411421711549e+00
2.461322067356961796e+00
2.464949831123265156e+00
2.466896541618688765e+00
2.467234824645384794e+00
2.465766388427502509e+00
2.461866643962939971e+00
2.466097074024283575e+00
2.465842454314575605e+00
2.470875603826351963e+00
2.477222203991906291e+00
2.479973151023898037e+00
2.479513124033845273e+00
2.477096278215472847e+00
2.485070740342743001e+00
2.478004467840265956e+00
2.476547128320787383e+00
2.479333453798615583e+00
2.474847652991312152e+00
2.483065949941036799e+00
2.485056272878439110e+00
2.489280744572243798e+00
2.490638959280653264e+00
2.486637339924989476e+00
2.483328949455539725e+00
2.490246253899942364e+00
2.488386903173578357e+00
2.494556884560936716e+00
2.487949385937377134e+00
2.491060856536744250e+00
2.490317550814428404e+00
2.490769553807653303e+00
2.494876732703464217e+00
2.500552695224145250e+00
2.500680378390942149e+00
2.492434234138389826e+00
2.498711849871140256e+00
2.498617551564088490e+00
2.501297445465025859e+00
2.501831572371457035e+00
2.510035283427343611e+00
2.498401876241018282e+00
2.502445902450644688e+00
2.499012454340024725e+00
2.505057395025980238e+00
2.508574440655781945e+00
2.515963242745582473e+00
2.508649300747405331e+00
2.511657039447930728e+00
2.512254442190282600e+00
2.517500337403474120e+00
2.513892895397472849e+00
2.510774947160392401e+00
2.523050186983945675e+00
2.515549850142383193e+00
2.521309307388337473e+00
2.522072608472994304e+00
2.519117223019448293e+00
2.522403061349746789e+00
2.518384061261846885e+00
2.523178294432732560e+00
2.527832873031193195e+00
2.528782656903207471e+00
2.529836911914363995e+00
2.527040243870910530e+00
2.523650708223509120e+00
2.536460028710430414e+00
2.525043767635575254e+00
2.534998323609452875e+00
2.537194424520460956e+00
2.529056073673005223e+00
2.537232436212695674e+00
2.536359764953773244e+00
2.536281640839876506e+00
2.544306088442410907e+00
2.542291956871463032e+00
2.543307834226459008e+00
2.541150756960454338e+00
2.537717902130510073e+00
2.539242489321211327e+00
2.551433816028789714e+00
2.547773864017872203e+00
2.542587127721584128e+00
2.543779838754040679e+00
2.551469784571473554e+00
2.551499667188473541e+00
2.542887242868777431e+00
2.555127955538758044e+00
2.555013227352533001e+00
2.551973921781099719e+00
2.546992058081901433e+00
2.546084164248528126e+00
2.553535480977723537e+00
2.546955416469089961e+00
2.548027307365318794e+00
2.556439376052793921e+00
2.558620606615575888e+00
2.564751182199553003e+00
2.560448060494860734e+00
2.560348014565400732e+00
2.564259477301380041e+00
2.569983814218039786e+00
2.556566547604402384e+00
2.563916859563345696e+00
2.567688296998951181e+00
2.563601524776048635e+00
2.571587628149135440e+00
2.569757057704278314e+00
2.577620122322656027e+00
2.564966883862852320e+00
2.571748044192321281e+00
2.574565343415114338e+00
2.574793924391674427e+00
2.573361776061818595e+00
2.581599366074943447e+00
2.584953682387282736e+00
2.579655391628000061e+00
2.584347584881060644e+00
2.577044747467530872e+00
2.581770908865681502e+00
2.585717312236460064e+00
2.583127918474856344e+00
2.591134647662141521e+00
2.585129381607810028e+00
2.587279266833118374e+00
2.579072520328820062e+00
2.592093089129754002e+00
2.585321287418562264e+00
2.587757449301059776e+00
2.594569459296689029e+00
2.593409065566037341e+00
2.590833260749695555e+00
2.595125019320372761e+00
2.589322283326119578e+00
2.591040570709999713e+00
2.600252597585940517e+00
2.596879152656951906e+00
2.599256682784937489e+00
2.600614144992438259e+00
2.603104422996806111e+00
2.599729184796992776e+00
2.599675753403518641e+00
2.607608061641970121e+00
2.606702771130365193e+00
2.609165988511406464e+00
2.609995856984793416e+00
2.605573307853631171e+00
2.607858899690741250e+00
2.614493431017717917e+00
2.609553073985286797e+00
2.616652911514481428e+00
2.617926494555500305e+00
2.610354347358277760e+00
2.610918546482504432e+00
2.617024637337541648e+00
2.609338351959830771e+00
2.615125136991098831e+00
2.622849964976890380e+00
2.615635176703424047e+00
2.618972163959921495e+00
2.618688158071503569e+00
2.620623492072322591e+00
2.622754527887389830e+00
2.630962145068603153e+00
2.615950509674806579e+00
2.630952613547398400e+00
2.627687135248292893e+00
2.627663346613513085e+00
2.629198416342381606e+00
2.633908701766766391e+00
2.639159385474568520e+00
2.630592956720437137e+00
2.635989527617347949e+00
2.640765767873711312e+00
2.644981932579903550e+00
2.645664010480817119e+00
2.635801266998722969e+00
2.636840053768685799e+00
2.632725268944986929e+00
2.647826140452632426e+00
2.642117025457583424e+00
2.641517690721167266e+00
2.650351855647601784e+00
2.643897969105044599e+00
2.650231800790623371e+00
2.644851135293459166e+00
2.645084826581579396e+00
2.652642668137882076e+00
2.651939656330087658e+00
2.645211653975662713e+00
2.645419843369816615e+00
2.656831878939738267e+00
2.656797515015378419e+00
2.655854613339187598e+00
2.660027439880936040e+00
2.662521982235413809e+00
2.655816161276629561e+00
2.652831472232429988e+00
2.661730566427967126e+00
2.659518281009800589e+00
2.661417746423454300e+00
2.660739892819676822e+00
2.666145767070000616e+00
2.669466182522759468e+00
2.667968069731938563e+00
2.672009260435225464e+00
2.670393145034834603e+00
2.667551460069734759e+00
2.668036328495675402e+00
2.678390648368719873e+00
2.673258499864673343e+00
2.667499002044321443e+00
2.678515457765140884e+00
2.674414508581478778e+00
2.679634861528304324e+00
2.677627025222837354e+00
2.677368908090632438e+00
2.684309623269180101e+00
2.683704420194275020e+00
2.683280493682426382e+00
2.679713010648455906e+00
2.679526382572193999e+00
2.690736687053309595e+00
2.690485292152216878e+00
2.692385621868254475e+00
2.692782373282697872e+00
2.686027375196462508e+00
2.690186386922117201e+00
2.692040331478608994e+00
2.687671204592488206e+00
2.689939487772115445e+00
2.691366216369937447e+00
2.698563686631015202e+00
2.692190260605968444e+00
2.699965711684801040e+00
2.698691615363584706e+00
2.697868796131240199e+00
2.696300788767437506e+00
2.699852090556277062e+00
2.700921212625175816e+00
2.706409586668084621e+00
2.696373172055892109e+00
2.696147927561338253e+00
2.703743274087672344e+00
2.708852535577580323e+00
2.713192646762524252e+00
2.707131483520262005e+00
2.703178141858159300e+00
2.716366644723808843e+00
2.707608096857458069e+00
2.713840536140365689e+00
2.709232489882607453e+00
2.711036308040955856e+00
2.715386979878711582e+00
2.716558177915748384e+00
2.717422947977578662e+00
2.722822410680155514e+00
2.716778706115563047e+00
2.714528061838595629e+00
2.722196354935753515e+00
2.720188492080392706e+00
2.722154368584246864e+00
2.726775581307483876e+00
2.727943019285777648e+00
2.732008143014220458e+00
2.727037532905388861e+00
2.731564130394592116e+00
2.730906639175007200e+00
2.730234214725036246e+00
2.740952375717431444e+00
2.726585739288870158e+00
2.731153355984697217e+00
2.742521111259550004e+00
2.729701733708020051e+00
2.734022927279484261e+00
2.737422560528279813e+00
2.737829121981807834e+00
2.739926762071863031e+00
2.732790690886038654e+00
2.736020778205410675e+00
2.747059511332918813e+00
2.746060251617896686e+00
2.741101521016759079e+00
2.738490819074711258e+00
2.746573132599549272e+00
2.742932493605999333e+00
2.756359602399086395e+00
2.742388364395811351e+00
2.747894325666650595e+00
2.758376672674606844e+00
2.744801541173532478e+00
2.744912331570248831e+00
2.749944427643911116e+00
2.762294444089679502e+00
2.754832835970604688e+00
2.757540159501671972e+00
2.753499295476426578e+00
2.763391929044057171e+00
2.755192083854062890e+00
2.762870556558940649e+00
2.765932418657009784e+00
2.760804373019639435e+00
2.762516114932536127e+00
2.763849016930380653e+00
2.762390552325161064e+00
2.764301525638826806e+00
2.764451321541322226e+00
2.769383141420991734e+00
2.772859334729154579e+00
2.772653364085298389e+00
2.766574759749494739e+00
2.767527429442917519e+00
2.764011139002732431e+00
2.776208943550471098e+00
2.781086469839267217e+00
2.772814727998856643e+00
2.772982720290396941e+00
2.777460162872753990e+00
2.775349713208545399e+00
2.779509039035057416e+00
2.777500699136786100e+00
2.783290307630880811e+00
2.782342734791556360e+00
2.784165863689220810e+00
2.789509321818391285e+00
2.786390729784769427e+00
2.782393342568256323e+00
2.784802983833078560e+00
2.785031950612172569e+00
2.789347305066593119e+00
2.788825469194197826e+00
2.784908717378949294e+00
2.790409539706923514e+00
2.793045237361640343e+00
2.794157588251189761e+00
2.791820915532996050e+00
2.791058598919563760e+00
2.802230381924396330e+00
2.798767644328242099e+00
2.796897531304479489e+00
2.798639418983877025e+00
2.803836523452017726e+00
2.803884412914820601e+00
2.807446018133419319e+00
2.807438680589362079e+00
2.807315694084115520e+00
2.806222137097629687e+00
2.807078212787992300e+00
2.808067609714100854e+00
2.811509896425733235e+00
2.810960527022431155e+00
2.806029252081512215e+00
2.818229115644570015e+00
2.805976450093925045e+00
2.807333654515756116e+00
2.812465842084896028e+00
2.815804943642338021e+00
2.820982893138977765e+00
2.819786117380904233e+00
2.823694851285947660e+00
2.820825761303024315e+00
2.816822275699621514e+00
2.825013899839139420e+00
2.834076211079600505e+00
2.819202524627429707e+00
2.822960989704092150e+00
2.829873692974963273e+00
2.825468317923972350e+00
2.830709592470720626e+00
2.830841738307441346e+00
2.825291161190570666e+00
2.833647909604828818e+00
2.831155201205075134e+00
2.831464654507517498e+00
2.839564004979800771e+00
2.833806031315240670e+00
2.840130017895796222e+00
2.835531153485473688e+00
2.839152813025640931e+00
2.841394890130015671e+00
2.851265611439849579e+00
2.840023142642837950e+00
2.843338278863725588e+00
2.842969828599113846e+00
2.844435217321671594e+00
2.849013028188699170e+00
2.849217327123041432e+00
2.839044449600586884e+00
2.844388778656235406e+00
2.852885062734117128e+00
2.848982630542847172e+00
2.835100583387971884e+00
2.848388644703751194e+00
2.855830530022053892e+00
2.857403816159523213e+00
2.852439946989642650e+00
2.854344071092814072e+00
2.854848103584070262e+00
2.863916257536720966e+00
2.858673412286441451e+00
2.864580937709010122e+00
2.860594541766318777e+00
2.863640057340983258e+00
2.857704279997196117e+00
2.869416965401014874e+00
2.861785193164338548e+00
2.865712500960173159e+00
2.871015182170872482e+00
2.864205093448505934e+00
2.867036439823815730e+00
2.870246063513650636e+00
2.870987385578758655e+00
2.865259619012008763e+00
2.874553966591872900e+00
2.875031574440748638e+00
2.876405525233663774e+00
2.872687673771574079e+00
2.875793061818761487e+00
2.868947928544669956e+00
2.875943599101461690e+00
2.882720632309589082e+00
2.880812536786845790e+00
2.879574992443910908e+00
2.880876856098915084e+00
2.883092565059935275e+00
2.881356457664393744e+00
2.884906167909964125e+00
2.893769258194476723e+00
2.896845602254470631e+00
2.885395607914743366e+00
2.894405872908143884e+00
2.891694853792646569e+00
2.885801024029263306e+00
2.893490788070789854e+00
2.902043311729549657e+00
2.893737829068049550e+00
2.895942642998177163e+00
2.897921779773753759e+00
2.894493920002728871e+00
2.900531452296503332e+00
2.903087686324783423e+00
2.910910485070132392e+00
2.904955245752881332e+00
2.903591289484835247e+00
2.898081117612370861e+00
2.908991153675177799e+00
2.900763485017326282e+00
2.903918159736968541e+00
2.906100041808583612e+00
2.906798118450478086e+00
2.903562251356394786e+00
2.905354836858393242e+00
2.910486091964763933e+00
2.908015636837421702e+00
2.917749739159910760e+00
2.913715500305473771e+00
2.920756487521282363e+00
2.923390982943929295e+00
2.917985952374404945e+00
2.916298927227970239e+00
2.921303896702261760e+00
2.915987544447847579e+00
2.919897954310009869e+00
2.919956636102999159e+00
2.926165404234095657e+00
2.926916004284578321e+00
2.926315691624548521e+00
2.915610570260827927e+00
2.926322876544955154e+00
2.930384748692533403e+00
2.924955388200535022e+00
2.930410357488760109e+00
2.931324338302498944e+00
2.932972394302824970e+00
2.932148334415902724e+00
2.929715029096774614e+00
2.934789484473968812e+00
2.935685363014529869e+00
2.938220464032276880e+00
2.937223087043095315e+00
2.937397050827911915e+00
2.935363812616823775e+00
2.947507495667088140e+00
2.941951426053315721e+00
2.938216259300567845e+00
2.943438006629100379e+00
2.948725425086103691e+00
2.956280321922180043e+00
2.950539200313966326e+00
2.951758435087523225e+00
2.951498691112149242e+00
2.949603279629544161e+00
2.953127948011146753e+00
2.950964956145339713e+00
2.950376127795213410e+00
2.954891262969607357e+00
2.949095788436714827e+00
2.960829110966758826e+00
2.951684240132106396e+00
2.955992448866711975e+00
2.956111508375925290e+00
2.962567011548534968e+00
2.962894075217729295e+00
2.959916578441728063e+00
2.964050135206701686e+00
2.971054009553578901e+00
2.963118350673740409e+00
2.964406096634712107e+00
2.963634559555197168e+00
2.974789932307059015e+00
2.970489208682606463e+00
2.969236732574991322e+00
2.970343593641426416e+00
2.977162596830864150e+00
2.976179277858750361e+00
2.972256884007937749e+00
2.975749036373499745e+00
2.980240823145543505e+00
2.987643582734009318e+00
2.974533700994798302e+00
2.981344837452807983e+00
2.972011824135294411e+00
2.984048555917875323e+00
2.983496058218589653e+00
2.986364514597326547e+00
2.984951471326245720e+00
2.981603317813934950e+00
2.984293474667835788e+00
2.990078594821540481e+00
2.981316912460352686e+00
2.996114270777320066e+00
2.991807746740061447e+00
2.992844306991266023e+00
2.991606863829442187e+00
2.984343535177568008e+00
2.993738626546891712e+00
2.990567059508478120e+00
2.998156616222468429e+00
2.993720875893963296e+00
2.995026559966062152e+00
2.996451891344902752e+00
3.000816405322613623e+00
3.003100184131197281e+00
3.000490084149578518e+00
3.001967576684426042e+00
3.000770027851309418e+00
3.006378448758092681e+00
2.999118326495959330e+00
2.994876266859660685e+00
3.004125686600318534e+00
3.006954184324281076e+00
3.011244865471090826e+00
3.007723556072972482e+00
3.012840758761089699e+00
3.012261564894422872e+00
3.013701428217143707e+00
3.009651383789609724e+00
3.021615741452190029e+00
3.015574648546093250e+00
3.009637657941167888e+00
3.021483092977122364e+00
3.017496231805493867e+00
3.017112954122311841e+00
3.020233965818207800e+00
3.027795834285231358e+00
3.017617784668011449e+00
3.028380233726113868e+00
3.031181759426670563e+00
3.020740195917841486e+00
3.021589105462955782e+00
3.027065415664948134e+00
3.036082293821772193e+00
3.024736633053661805e+00
3.035554685117810347e+00
3.033563164884554020e+00
3.032536959197656756e+00
3.032607214617214275e+00
3.031819889860543071e+00
3.039495797060086435e+00
3.036760048515639632e+00
3.038070298491969190e+00
3.043988424800214254e+00
3.041279549818074912e+00
3.036412506905358910e+00
3.035425726202507501e+00
3.039458757281001233e+00
3.038645416167937707e+00
3.043700021736346351e+00
3.048166514747822298e+00
3.052154567759912673e+00
3.057092786323188705e+00
3.054164594415968104e+00
3.052689215908625631e+00
3.053571264959745513e+00
3.053057224578069384e+00
3.052368861263761612e+00
3.057353206348361052e+00
3.057924335480853184e+00
3.056142230939157045e+00
3.054310688610148983e+00
3.056284427770847856e+00
3.066761687743368547e+00
3.054932290295358399e+00
3.061418160168746905e+00
3.055510234165512706e+00
3.064624404833502069e+00
3.059824779269509243e+00
3.065762458905725740e+00
3.059217597512974951e+00
3.073897912684647959e+00
3.077334645198915641e+00
3.065314864181985843e+00
3.074702590616881448e+00
3.070714354053059036e+00
3.071084312414801065e+00
3.073414218663859998e+00
3.080474631851159550e+00
3.078646610311887244e+00
3.077543789818891984e+00
3.079685281975198752e+00
3.078057549124756154e+00
3.083143433664825572e+00
3.082141639581207571e+00
3.084143662854130774e+00
3.078575589444062288e+00
3.087458506059979513e+00
3.082802879459539014e+00
3.086860080691696151e+00
3.086837095117539231e+00
3.086146112230760519e+00
3.091552979666570611e+00
3.092388658697545978e+00
3.091013366759703285e+00
3.093782235359869404e+00
3.094486405419331732e+00
3.095097384518173289e+00
3.098551727184399862e+00
3.089460688199867189e+00
3.094085301157620815e+00
3.095588910941340366e+00
3.096706466113105183e+00
3.098641105821897668e+00
3.102322129141076967e+00
3.105542305886751731e+00
3.100445198028373817e+00
3.102069940862269615e+00
3.110720356809810294e+00
3.101409517268147731e+00
3.113082547651282894e+00
3.107815342104292888e+00
3.110889030458085180e+00
3.099660818992770128e+00
3.116105480297463703e+00
3.098477321393595219e+00
3.115751040492580337e+00
3.106646869057662741e+00
3.121296028629140462e+00
3.109939678567679167e+00
3.112206268755707494e+00
3.114378183131294886e+00
3.129792531543142964e+00
3.123133112610142259e+00
3.122891833263564010e+00
3.120983262253198109e+00
3.126358304017777368e+00
3.129423127026973894e+00
3.121065150117283693e+00
3.117959655029014954e+00
3.120369491280158059e+00
3.129644524913836712e+00
3.123545933289571419e+00
3.123682260397555144e+00
3.134193798950874577e+00
3.130472806105015326e+00
3.124257476638052644e+00
3.136898964247544441e+00
3.138730135843371016e+00
3.127810398184688090e+00
3.130002908564258668e+00
3.129944348093021134e+00
3.140261535989615993e+00
3.140855557771810247e+00
3.136965086706876793e+00
3.140507262305169522e+00
3.137051983002210331e+00
3.135416019919240238e+00
3.146533873486952793e+00
3.146119838791346712e+00
3.147897960931658190e+00
3.147268707821258893e+00
3.150864367914645303e+00
3.148700894379700355e+00
3.150443097120706248e+00
3.156938134901384974e+00
3.145009078475698328e+00
3.152981494404315299e+00
3.161246520863167930e+00
3.150936591589086344e+00
3.154799808743600664e+00
3.153924689188221997e+00
3.161307937178239769e+00
3.155555137783099262e+00
3.158518919539601288e+00
3.165250931018112279e+00
3.159149019281423776e+00
3.164420383622948307e+00
3.164373417507250430e+00
3.167973950192615185e+00
3.159394674093952027e+00
3.157210197177280353e+00
3.169819450833732510e+00
3.168645242337703394e+00
3.174696973569560932e+00
3.166055651175185837e+00
3.175485868858907601e+00
3.171947379429394420e+00
3.176645211887567655e+00
3.179736083674782776e+00
3.170871741137553990e+00
3.173144349126897801e+00
3.174898416361062736e+00
3.178652547915413518e+00
3.184656713912382031e+00
3.184104106300149173e+00
3.180445775568638833e+00
3.174683655714175767e+00
3.173490159724857484e+00
3.186536833894660248e+00
3.185568378520870603e+00
3.182278311262195292e+00
3.183302802116712016e+00
3.180777635308612794e+00
3.186712977085088827e+00
3.194188703699804233e+00
3.186534988588725970e+00
3.189397194176434081e+00
3.190151100466721790e+00
3.190962916878609335e+00
3.192579614069396943e+00
3.191026539185175093e+00
3.192434338020811779e+00
3.197780293989824774e+00
3.197707148508841524e+00
3.194166414766045126e+00
3.198525812861343631e+00
3.197833908840598038e+00
3.200803688842722483e+00
3.201249605639166607e+00
3.205109025027542025e+00
3.206508611398846575e+00
3.199929950577727666e+00
3.197156032140372250e+00
3.202128363375567943e+00
3.211478144627630815e+00
3.209084101233266928e+00
3.216557819122698447e+00
3.200830774659155331e+00
3.211567963897126621e+00
3.208006541602623773e+00
3.208919392656436997e+00
3.219255950468515870e+00
3.216774683095600995e+00
3.218042141082319674e+00
3.222615983982473953e+00
3.217747651446331680e+00
3.226716620965123461e+00
3.221881486758308544e+00
3.216185640779804622e+00
3.223632102635158869e+00
3.227994473053939384e+00
3.224558822312761031e+00
3.220566658751615297e+00
3.227588056538444938e+00
3.226937022188793858e+00
3.224553945482587558e+00
3.226566831025637239e+00
3.232631285833816648e+00
3.233910042907124360e+00
3.233818158116084529e+00
3.238681122092402553e+00
3.229606045714250140e+00
3.239056498097460324e+00
3.241082604076714446e+00
3.241744267631013532e+00
3.246454825389474053e+00
3.237035866405561624e+00
3.243113452707954814e+00
3.248120538682440106e+00
3.249138515565856089e+00
3.243561454174278325e+00
3.247207691616304182e+00
3.246244306457684026e+00
3.247532184215306650e+00
3.247491148822400309e+00
3.245263591480735510e+00
3.252503507620288836e+00
3.256742199237233848e+00
3.253850266959526394e+00
3.254831819995059217e+00
3.252688768099372130e+00
3.260607902053576979e+00
3.256472369869040318e+00
3.264476248659383462e+00
3.257546947836393869e+00
3.259203287088098033e+00
3.264634675820195397e+00
3.261382357498723739e+00
3.259883079813579609e+00
3.263832295251641646e+00
3.266203529058245625e+00
3.270632039072424391e+00
3.259681247122304004e+00
3.270233379497386572e+00
3.277656254446651651e+00
3.261960156405769862e+00
3.280093917807713311e+00
3.274883709933209985e+00
3.269354643010200956e+00
3.274273578329343071e+00
3.278352505144828566e+00
3.268788180784408581e+00
3.282704697966499996e+00
3.280964658445012283e+00
3.276337878407654891e+00
3.282587263696559621e+00
3.282274396131922067e+00
3.290095897626833299e+00
3.276317045124205851e+00
3.288854417678278796e+00
3.284741626220926580e+00
3.293070210219824823e+00
3.284203157755477331e+00
3.288706887169123849e+00
3.287028552507527124e+00
3.286673518921910286e+00
3.284599217774427427e+00
3.291958702016243965e+00
3.292286576956457100e+00
3.292677215181728734e+00
3.293512003929182974e+00
3.298499619169607211e+00
3.297629540023544248e+00
3.299101093700004927e+00
3.294794686943237849e+00
3.294302403972817039e+00
3.306560288184085206e+00
3.305060265290159283e+00
3.299593051777312436e+00
3.308880347194512961e+00
3.297618150645127866e+00
3.316621398548730060e+00
3.311867933962088895e+00
3.309906745989012578e+00
3.302514723309361688e+00
3.314254153162013772e+00
3.304359809433555117e+00
3.313371397944255836e+00
3.310099521363802477e+00
3.310021890659431865e+00
3.318933902880521369e+00
3.317832948158821349e+00
3.314283758258798951e+00
3.318670890250813077e+00
3.323119205983802615e+00
3.321814303656684952e+00
3.324824270194158160e+00
3.332720566849794341e+00
3.323670607746384231e+00
3.332391480793504890e+00
3.323681008676582227e+00
3.330585115311806899e+00
3.322657152197340036e+00
3.331611688032358742e+00
3.322920792502420451e+00
3.334172500133666173e+00
3.330772982991809794e+00
3.329283612727219399e+00
3.331229131745031324e+00
3.332577180047135101e+00
3.331315174096371123e+00
3.335499326829897360e+00
3.327521027030788670e+00
3.341418361816287153e+00
3.331160484230604180e+00
3.339468239710739361e+00
3.341382492296697482e+00
3.341662852211604307e+00
3.343422376459769918e+00
3.340773742012903558e+00
3.339045899235099313e+00
3.343838349269780519e+00
3.343571207493351238e+00
3.345607018251689269e+00
3.344207101893619249e+00
3.355474299315741593e+00
3.352227247940831933e+00
3.353070269692934868e+00
3.347126419727394886e+00
3.353515464769662557e+00
3.350841421917523988e+00
3.354549333833506175e+00
3.355185337741440232e+00
3.358505253570155169e+00
3.359440639043720811e+00
3.354833401524477399e+00
3.360988108058831081e+00
3.361441483027270749e+00
3.363213689897645242e+00
3.363134805820727546e+00
3.361827490731001511e+00
3.371411695773297801e+00
3.362996692025555845e+00
3.368009765435695968e+00
3.371773460595673289e+00
3.368159640602061078e+00
3.369010870770692723e+00
3.370172978752716819e+00
3.368857561456076954e+00
3.372135211242741182e+00
3.380270390704544159e+00
3.370561610260185859e+00
3.376928276231669468e+00
3.374821885038491676e+00
3.377779768148544637e+00
3.376575998787000987e+00
3.377801339661643532e+00
3.384571762667219375e+00
3.375319435284258596e+00
3.377700788574716562e+00
3.387674814003643231e+00
3.382499510883317573e+00
3.384791047101754824e+00
3.382931409729224903e+00
3.388896692623546869e+00
3.384948121952624067e+00
3.385117735308908582e+00
3.392489836081395982e+00
3.393766976762976562e+00
3.402847420315888272e+00
3.389392771218095124e+00
3.384176002915939563e+00
3.399098966124494581e+00
3.395975897712489200e+00
3.401112965871456062e+00
3.396344752438259285e+00
3.398276468306306697e+00
3.402470846148756944e+00
3.404694547723982279e+00
3.401272123107557999e+00
3.410193097080802538e+00
3.403110669188768256e+00
3.401123579193385815e+00
3.408059129627976525e+00
3.402123236440438347e+00
3.414194457649354586e+00
3.414351163239685238e+00
3.410460944532208494e+00
3.405962467707160268e+00
3.406717445050704285e+00
3.415710717476169389e+00
3.414457015098216086e+00
3.413439700083658490e+00
3.412518506102565130e+00
3.422636524857527007e+00
3.420501557977341900e+00
3.421450128951640579e+00
3.421787151404859451e+00
3.421895754631071984e+00
3.423573537005546008e+00
3.428198182169870822e+00
3.419083470112353584e+00
3.428533903685750062e+00
3.429007923399062907e+00
3.425608264526926572e+00
3.428528613297207706e+00
3.428203481729433122e+00
3.429221412083074405e+00
3.429294940520043244e+00
3.433465603222512375e+00
3.438360550839017815e+00
3.424544134401681372e+00
3.438147617791149635e+00
3.437980804649631850e+00
3.433956987002212191e+00
3.442471320741340879e+00
3.440524152161187565e+00
3.440051188918255232e+00
3.438123449222330041e+00
3.440635667814945453e+00
3.438717821502514038e+00
3.445197623163458012e+00
3.448605456089439247e+00
3.449441627507400021e+00
3.447733579699018946e+00
3.453391902623161869e+00
3.455422220084299667e+00
3.447466429815476019e+00
3.446991982885680539e+00
3.451997296866115228e+00
3.450291366100760815e+00
3.453658598247880018e+00
3.449905937892930208e+00
3.451437987891757153e+00
3.460869815155926510e+00
3.458974170445550111e+00
3.459127012968742143e+00
3.463795325158295135e+00
3.461328075395736725e+00
3.460910853843688351e+00
3.467240327379544240e+00
3.469111216528798280e+00
3.468621647315994760e+00
3.471188054245598842e+00
3.468758574107653647e+00
3.464417618674092036e+00
3.470744312343170712e+00
3.469841868490433523e+00
3.472016537596021024e+00
3.478139537570796858e+00
3.475480227331093186e+00
3.482857975032409126e+00
3.477095702843217673e+00
3.475567728115402044e+00
3.474903121186962984e+00
3.479508626964761486e+00
3.475207310938564387e+00
3.477256441671664255e+00
3.476950762420984553e+00
3.479747982693472519e+00
3.489274334195670679e+00
3.491031495653721173e+00
3.488923543324663257e+00
3.484322672374982055e+00
3.491732277167199694e+00
3.487862353298001761e+00
3.487545353876305487e+00
3.497918643402280647e+00
3.491455848333252732e+00
3.493889796537661852e+00
3.488963987714390313e+00
3.493238316852091074e+00
3.489767302268523608e+00
3.492115419976320467e+00
3.498903391823713349e+00
3.499209001824931775e+00
3.498005942763707576e+00
3.499841545156050948e+00
3.507215613663545728e+00
3.505586734238427482e+00
3.500218860357860784e+00
3.503407170779172297e+00
3.507683563159457840e+00
3.506043061828414853e+00
3.504819287284862028e+00
3.508914590734436345e+00
3.510692207310279311e+00
3.504507671665069157e+00
3.508673177416448130e+00
3.511308541791127613e+00
3.507341711770550319e+00
3.510725304842568839e+00
3.517971479152255387e+00
3.522331607124600694e+00
3.516299673636629208e+00
3.516297839057001440e+00
3.521854490285655004e+00
3.526486850521593386e+00
3.521580740672891174e+00
3.523344640915360149e+00
3.520955166845902262e+00
3.526274908026175936e+00
3.529461762660276225e+00
3.520032177910403792e+00
3.523213059099421951e+00
3.530500027623033166e+00
3.526332404917210894e+00
3.533755817999925330e+00
3.529122232352547073e+00
3.534380746230334935e+00
3.534837654045323241e+00
3.530793389895617640e+00
3.536656337120991367e+00
3.529912325158918840e+00
3.535752829704013500e+00
3.528274502711634231e+00
3.535913240984112527e+00
3.542495227884232545e+00
3.534164190983955844e+00
3.531186163947298340e+00
3.539707370761906002e+00
3.541867443627455092e+00
3.541021615981929216e+00
3.542557899482643435e+00
3.549436912951259959e+00
3.551834762899726883e+00
3.550371524784690092e+00
3.551819354623308111e+00
3.550128372515986452e+00
3.559949426114242588e+00
3.563145177714346801e+00
3.550815772132819514e+00
3.558732801030461523e+00
3.554342729848245508e+00
3.564503266274476001e+00
3.559061101640183189e+00
3.563483657092986867e+00
3.565795461270945488e+00
3.556504620604080902e+00
3.566230467970645801e+00
3.565209035067450127e+00
3.553416604566898229e+00
3.560162793175691842e+00
3.561576955908194453e+00
3.566299527842036188e+00
3.574765814047923929e+00
3.568182182057123342e+00
3.567328913425555470e+00
3.569357691979714531e+00
3.573785446073280081e+00
3.566160288166497327e+00
3.572970408328328684e+00
3.571195759908252221e+00
3.576181420083349050e+00
3.573322765588004657e+00
3.580118249242073780e+00
3.581108861970969226e+00
3.578969523619930815e+00
3.577020399800007411e+00
3.587370842218750244e+00
3.574870430490185935e+00
3.588804766424483539e+00
3.590973818418067509e+00
3.589968279566296161e+00
3.590653297920344933e+00
3.588780999962687179e+00
3.586847650294472611e+00
3.590072275369423860e+00
3.586561465566791451e+00
3.589739723600016141e+00
3.598095025582074502e+00
3.585567768129218180e+00
3.594102191632638110e+00
3.596313514957595991e+00
3.592803434440738908e+00
3.594759023890830019e+00
3.595219902908802112e+00
3.596756580798188718e+00
3.594148707728170855e+00
3.595923032573457245e+00
3.597886391780073190e+00
3.593276356024763363e+00
3.606778176260566848e+00
3.608902338476318139e+00
3.608826877671752698e+00
3.610167479859395456e+00
3.614965775834361406e+00
3.614031820309451692e+00
3.610899599176881747e+00
3.610554940943757618e+00
3.608026593664173554e+00
3.617970440674763477e+00
3.611136354092730372e+00
3.618679863876574920e+00
3.621016631335643332e+00
3.617097713011038884e+00
3.615413352337833341e+00
3.625978351266672117e+00
3.621667534761093599e+00
3.617906698640528163e+00
3.632398279339456693e+00
3.624257763327630943e+00
3.621136011382926956e+00
3.625235092239272205e+00
3.627712964835660525e+00
3.622994377167976676e+00
3.628404146386482676e+00
3.630078904152049368e+00
3.628785072652498389e+00
3.627847993947207250e+00
3.629369029123809209e+00
3.637932159082695627e+00
3.634352725030566944e+00
3.637299729903397782e+00
3.631160067662602575e+00
3.636599667293217042e+00
3.649353426862803396e+00
3.639756948192447883e+00
3.637057154920090962e+00
3.635930375245023161e+00
3.643977023781899138e+00
3.647883100504619946e+00
3.642575446185981392e+00
3.642529712300015099e+00
3.651215996246020001e+00
3.646086592317249853e+00
3.653619873994072176e+00
3.651684493795065212e+00
3.653251953212644842e+00
3.648883810224143431e+00
3.656424713288815465e+00
3.649271926440715408e+00
3.655484442479036922e+00
3.652935020271157018e+00
3.651443601532415872e+00
3.662446686688956898e+00
3.658116208875199948e+00
3.660496143868933405e+00
3.655085407720410462e+00
3.663939121130948440e+00
3.655585905266176994e+00
3.667539875887045220e+00
3.661591886746032642e+00
3.662663772846711296e+00
3.667959112503094143e+00
3.663805135593955153e+00
3.667053371263487183e+00
3.666843459686791817e+00
3.674377804688470306e+00
3.667858517231265658e+00
3.670415954321602392e+00
3.673310141926403816e+00
3.676137203742563031e+00
3.668095899419936412e+00
3.675300684112710492e+00
3.675098531803296265e+00
3.682804558063386580e+00
3.677061649847055858e+00
3.682129775622374090e+00
3.672516344995119475e+00
3.686379163367806466e+00
3.685516521458354067e+00
3.682730121995186234e+00
3.682709584061715447e+00
3.680207836059792292e+00
3.687753116823738520e+00
3.693353754868651695e+00
3.688856928463508211e+00
3.694213213302758536e+00
3.685556463158279783e+00
3.680965320663953211e+00
3.692803538067236602e+00
3.698117281237758736e+00
3.696396606047858580e+00
3.694434580326134920e+00
3.699608575888408968e+00
3.698395509426402494e+00
3.692462718525614029e+00
3.697615209780514611e+00
3.697794686689797938e+00
3.703304042741697888e+00
3.706768229933243841e+00
3.707872711750647365e+00
3.696584811307148222e+00
3.701316966008699971e+00
3.703118368719382492e+00
3.710359170778827043e+00
3.714836320917771051e+00
3.701995598237227458e+00
3.707852973828119403e+00
3.713254163747218062e+00
3.716390866494853285e+00
3.708528996943045719e+00
3.717186143051681935e+00
3.722329836462566099e+00
3.713111004179486141e+00
3.721688877524763406e+00
3.717686010427078358e+00
3.725864069970132864e+00
3.722099757104820217e+00
3.722047473782294613e+00
3.720085573460569339e+00
3.723816536932364141e+00
3.727343147519071476e+00
3.726409969670470446e+00
3.725870209237889696e+00
3.727383346182875812e+00
3.733989442821049831e+00
3.730664888636415100e+00
3.729763220831634918e+00
3.729945729747893957e+00
3.734084521468127082e+00
3.734194216768423669e+00
3.729908641831766403e+00
3.735550273559064660e+00
3.729338875533961151e+00
3.736699935710084297e+00
3.744356461212505316e+00
3.733783821216082544e+00
3.741605462721652398e+00
3.741654143119385711e+00
3.745866667738369848e+00
3.739782553860987679e+00
3.752481930265327836e+00
3.744027234676992499e+00
3.734634308487021048e+00
3.741062458533938262e+00
3.757004326938538696e+00
3.750565953731514579e+00
3.759393919542553419e+00
3.756182739723626263e+00
3.751941911995829049e+00
3.747884985812314440e+00
3.748200216963615272e+00
3.750746751654413735e+00
3.753155150722538913e+00
3.750103177964692058e+00
3.750526502935027651e+00
3.756450679296936546e+00
3.752362164070905504e+00
3.758931202942469518e+00
3.759536083824324582e+00
3.762892410306543756e+00
3.763425547029988660e+00
3.769498631021441781e+00
3.767257003164365070e+00
3.767752451582089268e+00
3.770868960233580758e+00
3.762949902568021976e+00
3.768193041324584769e+00
3.769584839732878834e+00
3.777824300337539576e+00
3.769074598331183079e+00
3.773740907166508673e+00
3.775872525726915452e+00
3.776289593645838938e+00
3.778912343146750619e+00
3.780517194162901440e+00
3.774971239345375817e+00
3.783525908178936525e+00
3.789649394542913718e+00
3.778465440579399814e+00
3.782430543562555592e+00
3.785397672303909555e+00
3.784590232381220609e+00
3.780525057529604993e+00
3.786447449972822898e+00
3.782415400817137563e+00
3.785910101949774731e+00
3.793032837453524042e+00
3.796978375370080094e+00
3.791046448612108932e+00
3.787924298691170755e+00
3.795550232273070090e+00
3.799348958169990187e+00
3.796994149643499128e+00
3.792479625808164112e+00
3.793576343436179332e+00
3.798027509394768853e+00
3.793819318279247899e+00
3.798556783942244497e+00
3.802343803427273627e+00
3.801143695539517697e+00
3.806436818092613361e+00
3.800934922683727457e+00
3.800945878849973703e+00
3.807868136973414863e+00
3.805716516436430386e+00
3.809266614407909923e+00
3.810603734705418688e+00
3.803579983834599165e+00
3.807443735499082660e+00
3.808159824974900687e+00
3.817185538510005305e+00
3.813872840599126235e+00
3.814903011175216019e+00
3.816151278944333036e+00
3.815392020578243226e+00
3.826159262612055301e+00
3.817510255892007098e+00
3.815804477272693340e+00
3.827009922722083513e+00
3.823141361322477394e+00
3.824978930560092749e+00
3.826327818313757678e+00
3.828413239492630016e+00
3.819818911150113294e+00
3.826075613113608220e+00
3.828095045357389203e+00
3.827287978952109260e+00
3.828213384254984142e+00
3.831190582639732334e+00
3.825090175392095837e+00
3.842085828467756148e+00
3.839909140888827288e+00
3.827479528680678644e+00
3.835866554295005670e+00
3.835326432009358300e+00
3.838230970798802488e+00
3.837248094185523595e+00
3.837176080909261433e+00
3.836816917202463983e+00
3.838582335982639648e+00
3.844841795324806188e+00
3.848631073070482689e+00
3.844063307582810562e+00
3.838858073454427533e+00
3.844542976385691091e+00
3.846044234799882222e+00
3.849496965592492881e+00
3.846852183117056789e+00
3.841323492180956034e+00
3.849321580901127415e+00
3.851523485207295927e+00
3.858339536198928332e+00
3.859047595110499884e+00
3.857058098986260397e+00
3.859851091347468177e+00
3.856673956364153888e+00
3.862891237272794154e+00
3.859668046172183953e+00
3.859770423370906034e+00
3.861453840068641341e+00
3.866392718321552291e+00
3.867915941236483413e+00
3.868468709872115774e+00
3.864523723004715805e+00
3.871220045511314822e+00
3.871063635606497133e+00
3.862331965232645103e+00
3.868451682380376067e+00
3.866763042468755351e+00
3.873768874228711745e+00
3.874330912042349251e+00
3.873405959259725417e+00
3.878348921355387890e+00
3.887909579555539619e+00
3.876334868943649870e+00
3.875698731654904083e+00
3.884782335797917430e+00
3.878910987041552794e+00
3.875403250728819859e+00
3.886580412746214019e+00
3.884722100424017999e+00
3.886839502872552643e+00
3.881640058479726374e+00
3.887354505246285896e+00
3.889876372016515038e+00
3.885327389213876437e+00
3.887323252451867273e+00
3.891783640461742966e+00
3.890925433405150624e+00
3.888842749022279666e+00
3.903625875664598066e+00
3.896181919991522857e+00
3.891224334032126642e+00
3.897507709569974388e+00
3.888238545072404850e+00
3.893149480893449699e+00
3.894542898770973594e+00
3.899618473271164731e+00
3.893282673695906748e+00
3.902179665707467215e+00
3.906916450827430332e+00
3.908847958577896797e+00
3.905411522065031615e+00
3.904107487953285993e+00
3.905483926078221479e+00
3.903539933562786057e+00
3.901716195840957191e+00
3.909613576262541912e+00
3.904640081810287544e+00
3.905071241720976971e+00
3.907354747309675691e+00
3.905393286489678761e+00
3.917986772707695131e+00
3.921018351585248141e+00
3.909005050526683345e+00
3.922167671275032852e+00
3.913621685173223508e+00
3.917579072714069799e+00
3.917281552786084031e+00
3.925886422331120507e+00
3.919705594610817467e+00
3.931043894464534283e+00
3.926738043278156898e+00
3.923454711625620206e+00
3.930754135840877073e+00
3.929713552241873131e+00
3.927895235250170813e+00
3.927251661801090421e+00
3.926356910694547064e+00
3.930587984543650215e+00
3.930941963113240512e+00
3.935944699899244448e+00
3.934744494875603404e+00
3.936894699001868503e+00
3.936562502432501720e+00
3.939098039889311398e+00
3.933740607185649107e+00
3.937409180282934962e+00
3.943260979070842609e+00
3.939150698579265253e+00
3.929876121891347385e+00
3.945542835085611433e+00
3.946209899321913461e+00
3.943185875455621936e+00
3.943837038611524015e+00
3.946539120082532381e+00
3.945270490704791300e+00
3.946063515509555142e+00
3.960659440618533367e+00
3.946757429752798529e+00
3.952581812311339426e+00
3.949312943606378301e+00
3.948897369923108691e+00
3.950773170087848118e+00
3.950850273783005573e+00
3.955509510769877224e+00
3.954995512777359501e+00
3.959422699857384487e+00
3.961991628145837385e+00
3.958193755395473357e+00
3.964614277361126593e+00
3.965917778949114680e+00
3.960855345824852769e+00
3.957289364514262608e+00
3.959602470317618916e+00
3.970643221616185770e+00
3.975883701120747737e+00
3.962491522716037551e+00
3.966635177827227743e+00
3.970857037467907968e+00
3.973097446423313084e+00
3.972474218914689992e+00
3.977490473066612520e+00
3.971495236674653651e+00
3.978487036112851261e+00
3.973462394751384963e+00
3.978441226686094900e+00
3.982843956487582826e+00
3.981349304699457914e+00
3.976127621982288751e+00
3.989764058506356736e+00
3.981793175886376268e+00
3.979892506363662985e+00
3.991711381047890583e+00
3.988560059568007965e+00
3.981432900690091703e+00
3.979571067742130985e+00
3.992133323287973656e+00
3.989454490435437428e+00
3.989542559873425098e+00
4.000378479407791232e+00
3.998023992190693043e+00
3.991165859288273943e+00
4.001405006472844583e+00
3.999677329629636180e+00
3.993114346265586700e+00
3.998452378117805850e+00
3.999632330497743915e+00
3.997477148122605684e+00
4.003677749602618796e+00
4.001989715111609058e+00
4.010882555534422522e+00
3.999134999924705003e+00
4.004531485555848924e+00
4.001006678271471273e+00
4.003075146853046995e+00
4.007120991186612358e+00
4.004832069547717310e+00
4.009819812788289362e+00
4.010460425625798742e+00
4.011452840884810911e+00
4.018945158641249016e+00
4.009975055431227453e+00
4.011220964940580558e+00
4.017635562606127309e+00
4.012713807700212243e+00
4.015430056594434305e+00
4.017723572677883936e+00
4.016124880743162429e+00
4.019612639193412384e+00
4.025117903507244854e+00
4.018723649590581815e+00
4.020300058590494885e+00
4.019181618298619973e+00
4.024754333901795711e+00
4.028001476517685475e+00
4.029134672535456652e+00
4.031756233557285185e+00
4.027542531169517659e+00
4.035009354942289406e+00
4.032457316429196581e+00
4.024334406465113645e+00
4.030144823045952229e+00
4.039015235239813428e+00
4.030181505087528926e+00
4.041278495100278256e+00
4.035157670201369839e+00
4.044227186692213927e+00
4.045758493358853514e+00
4.038067287257417703e+00
4.036798779040573493e+00
4.040879168332936366e+00
4.038837748191803634e+00
4.047845055663316316e+00
4.040125279775120148e+00
4.038820059576624821e+00
4.048436671616956417e+00
4.048765497726569684e+00
4.043030589984010881e+00
4.047591497121437065e+00
4.050940635248053034e+00
4.057635821959812539e+00
4.048750251767991415e+00
4.045011547863849088e+00
4.058768998638150549e+00
4.060667177557730767e+00
4.054960614693640331e+00
4.063349482587674366e+00
4.063515566087658293e+00
4.056421408821444530e+00
4.060169430845662397e+00
4.060416640329804316e+00
4.063637989792169947e+00
4.062262874179338290e+00
4.065594483645726065e+00
4.067563518423637170e+00
4.064859912735942160e+00
4.067802350236194187e+00
4.075198937919735087e+00
4.074204189842802748e+00
4.073790393302503254e+00
4.075136881494351826e+00
4.069887640160861686e+00
4.068826066740277803e+00
4.065544226983496046e+00
4.075368541613408446e+00
4.066115793948948287e+00
4.073996108894651691e+00
4.075668678599884132e+00
4.083454873972142352e+00
4.080921665524457786e+00
4.085129745600259099e+00
4.086186704231851152e+00
4.078686218699666632e+00
4.082271194699746530e+00
4.088488674726613148e+00
4.085107981006460776e+00
4.087497471941667015e+00
4.087596357124091639e+00
4.096662071035868991e+00
4.093401314046772654e+00
4.096172709259628064e+00
4.092628808852173172e+00
4.087596295705271388e+00
4.101255220883632369e+00
4.102204746871265684e+00
4.094881817631063292e+00
4.091348384357032408e+00
4.094800125807931401e+00
4.096138446087275398e+00
4.102036014192240287e+00
4.095268088566471398e+00
4.103098725776636257e+00
4.100656901369883478e+00
4.101262792063224971e+00
4.109161724175057095e+00
4.099770366111643582e+00
4.100456521869474180e+00
4.104830525882499082e+00
4.112074521387782511e+00
4.108177696734901296e+00
4.111609756155130135e+00
4.118500193031189305e+00
4.114759805702355777e+00
4.116605255482289394e+00
4.114943180203024298e+00
4.111094486666399206e+00
4.117877676246189722e+00
4.118345942307192864e+00
4.126484351725765443e+00
4.122017322309442733e+00
4.121825786622111742e+00
4.126377733849305507e+00
4.123701165474374264e+00
4.124924268809432526e+00
4.127078287003234536e+00
4.128827041774259854e+00
4.115253501717059947e+00
4.125410778128675737e+00
4.125635051725206282e+00
4.127049614309952652e+00
4.127362212970271393e+00
4.132000118516402587e+00
4.133302355795589023e+00
4.128695865676469623e+00
4.126931953657766883e+00
4.130682289661626427e+00
4.134375350617879086e+00
4.134497957087041264e+00
4.143712819675176462e+00
4.141659844104436772e+00
4.146867548745498233e+00
4.137622074099167158e+00
4.140676868325600779e+00
4.144087120641788857e+00
4.137700783611369282e+00
4.143353133340795580e+00
4.153401608184561944e+00
4.145594959843795557e+00
4.150809585849459360e+00
4.153285251754503804e+00
4.150965357673853440e+00
4.154293713552714706e+00
4.152642725177651428e+00
4.150113899922196481e+00
4.155683438779283811e+00
4.156770011915358332e+00
4.155853492498918555e+00
4.157274763963297204e+00
4.161063765633814526e+00
4.156781742430629478e+00
4.163895547869975289e+00
4.164041543891265462e+00
4.156168513055553682e+00
4.167674870011031096e+00
4.166329198874898943e+00
4.166053637532540321e+00
4.171144713694354245e+00
4.171414362505156070e+00
4.173207676105603170e+00
4.170065085454410791e+00
4.169227508321561970e+00
4.172531566358748556e+00
4.168302758444556666e+00
4.173090881894395032e+00
4.183156836820836055e+00
4.179658465161977254e+00
4.181570867618881415e+00
4.183895051659320075e+00
4.175723121502723956e+00
4.178674373753788807e+00
4.182247093264822801e+00
4.173875511052142606e+00
4.185131583615993023e+00
4.184020756902856242e+00
4.183036487623779998e+00
4.188150869597097703e+00
4.184034018132934740e+00
4.186869390816859493e+00
4.192064457693966517e+00
4.193218697891578195e+00
4.194092925729069776e+00
4.192865878195721763e+00
4.194675423260644465e+00
4.189592740166488305e+00
4.193573612861193567e+00
4.203096711325467361e+00
4.197072438866911170e+00
4.198166984539359881e+00
4.196599468808348554e+00
4.201527782649121079e+00
4.204403189426756171e+00
4.204539074174187263e+00
4.201156257955206641e+00
4.201749182234862268e+00
4.209916368435123957e+00
4.202907932112488254e+00
4.210865402145678615e+00
4.202846065959122690e+00
4.218041609551219651e+00
4.202976458529809278e+00
4.206001414505406544e+00
4.215431148594398714e+00
4.212936075890339360e+00
4.218834342121350112e+00
4.212708747683942434e+00
4.212951906268013857e+00
4.217808284992438317e+00
4.225172713788099443e+00
4.221390240101862368e+00
4.214360181999423638e+00
4.227137817348938675e+00
4.219968795129661387e+00
4.226315006763112336e+00
4.219487531553025583e+00
4.227003834445586250e+00
4.232491504225783352e+00
4.230262897475171258e+00
4.232160263353592633e+00
4.226573754318441623e+00
4.231435254427532655e+00
4.228285043046986047e+00
4.231424509885592045e+00
4.228498373545215294e+00
4.229352454878082312e+00
4.233276188524118133e+00
4.233271801225482633e+00
4.236850625454223973e+00
4.235144300531015205e+00
4.235707488388190001e+00
4.239188095058830541e+00
4.246815707451319533e+00
4.240743591207453811e+00
4.244931324181631105e+00
4.243475997401963795e+00
4.240846443065827032e+00
4.237572202705077729e+00
4.242005521578865235e+00
4.243320641693938633e+00
4.256841937588077052e+00
4.241959866359574782e+00
4.247361374850426863e+00
4.246584382415532488e+00
4.248010422278910347e+00
4.254460466015468789e+00
4.255441400775120009e+00
4.257644718054447885e+00
4.254519591185297323e+00
4.253786995283889816e+00
4.253015717477927282e+00
4.252375527755128282e+00
4.257969609680616330e+00
4.264904537227669934e+00
4.261571821431171969e+00
4.262069194711799902e+00
4.273065038036072849e+00
4.265923309117996887e+00
4.262690804123408839e+00
4.268724518640230947e+00
4.272766733319625310e+00
4.268877420682716917e+00
4.275412972094342123e+00
4.267821170839419587e+00
4.279482646402795964e+00
4.272725746771427247e+00
4.270434264566095095e+00
4.282060737259497429e+00
4.267162193090666022e+00
4.280447009842489159e+00
4.283469408580637960e+00
4.284252358016070517e+00
4.281041890589706078e+00
4.277578977429117302e+00
4.283957671603860540e+00
4.271235673625158213e+00
4.287673268219086786e+00
4.284623520336630520e+00
4.288005715851567423e+00
4.286073808625559423e+00
4.291174561952745492e+00
4.287765718520962999e+00
4.284963855606645389e+00
4.286176162241875254e+00
4.291429324601744533e+00
4.293202054374779308e+00
4.295324883935937699e+00
4.295908793803651982e+00
4.300139401821128970e+00
4.296369963979225659e+00
4.302096893262025823e+00
4.295890767324860526e+00
4.295202950726590529e+00
4.300939654632141007e+00
4.300867668094387142e+00
4.303931497531463535e+00
4.304149037247763765e+00
4.304138195582500437e+00
4.311117101180059308e+00
4.307983440171212486e+00
4.311513513502623240e+00
4.303148018301265587e+00
4.311324082571911909e+00
4.303782204611165341e+00
4.313475967835179503e+00
4.315215188652647527e+00
4.316631966790990482e+00
4.310279300807757785e+00
4.312124942953037277e+00
4.316682760014926679e+00
4.313075226988754451e+00
4.317040611207449530e+00
4.319399699915024371e+00
4.320991508365904288e+00
4.316508345816063574e+00
4.319050824607174377e+00
4.319783358052173838e+00
4.320021181673142863e+00
4.320236018964210167e+00
4.323331609394577058e+00
4.331947871088727808e+00
4.326935122314481852e+00
4.330650913383767175e+00
4.328766477021799730e+00
4.327553712579756073e+00
4.337720603600501157e+00
4.329524860675595832e+00
4.325768884263795577e+00
4.333515353690734706e+00
4.336567436545462506e+00
4.338341457846487614e+00
4.335004226854665355e+00
4.342714111791887710e+00
4.339704253842336712e+00
4.339893021702299514e+00
4.341343565922795911e+00
4.342849667634856914e+00
4.342315427932838645e+00
4.345533496923963845e+00
4.345462816653562932e+00
4.345227136688336600e+00
4.347141598916346439e+00
4.347056995086672870e+00
4.349757863341074504e+00
4.355666721530180752e+00
4.354344920928100215e+00
4.354438720042717925e+00
4.356074735632327943e+00
4.360227940020585891e+00
4.357274268390558092e+00
4.353055342322061705e+00
4.361918678959399109e+00
4.356787874066985644e+00
4.359369092775393639e+00
4.364127220568295940e+00
4.362585057224357854e+00
4.365444662190764546e+00
4.369141956968099372e+00
4.366700336314403685e+00
4.369212352943535826e+00
4.364652319870654829e+00
4.365628118074964981e+00
4.367323405613089626e+00
4.378039962907250171e+00
4.375976138292860362e+00
4.380152901658509457e+00
4.374525777168363661e+00
4.375048740000175407e+00
4.370282726629234560e+00
4.371231766866100266e+00
4.378373969530487742e+00
4.371924012614736732e+00
4.374559141921025684e+00
4.380081024273356327e+00
4.382427870597700448e+00
4.384644569349002374e+00
4.391458557716565458e+00
4.379456495755988499e+00
4.385590088885551907e+00
4.384616675943624919e+00
4.395439905152288773e+00
4.392699215920083944e+00
4.384360397258412867e+00
4.399997990118531099e+00
4.393757966109291146e+00
4.391270087831020241e+00
4.396949339013970892e+00
4.393592881685728813e+00
4.397722671978816500e+00
4.393540310657527037e+00
4.394148979187051829e+00
4.398048127057939460e+00
4.401774971687717475e+00
4.397342764647431679e+00
4.404065350840475901e+00
4.400362630996381696e+00
4.408276264156362423e+00
4.396546621210569050e+00
4.402619778895688896e+00
4.398272418904129566e+00
4.406341880708459335e+00
4.404726734936353694e+00
4.411343495905855505e+00
4.413348136778957986e+00
4.413251704610798853e+00
4.409526254211422192e+00
4.411987292696796459e+00
4.409993297851648286e+00
4.418823885252380457e+00
4.414332910794908749e+00
4.417460446065531343e+00
4.424992688105393590e+00
4.423892547776048012e+00
4.419945297484260571e+00
4.417998454811063347e+00
4.422342953720240111e+00
4.431990399736997155e+00
4.424775255952916098e+00
4.426962445686484671e+00
4.426247150773245487e+00
4.428140725525126165e+00
4.419088076927079278e+00
4.421823835930067226e+00
4.423544111849914806e+00
4.429715711866344385e+00
4.436665126309312868e+00
4.436611128169006157e+00
4.428566017127820942e+00
4.438320270466192596e+00
4.444250210816480973e+00
4.434541217059235763e+00
4.434932834448944483e+00
4.439545710382272858e+00
4.437943057700514338e+00
4.433212974108519333e+00
4.435513153405715059e+00
4.442553665451225875e+00
4.436688799468261557e+00
4.445645209521336128e+00
4.445279375713231396e+00
4.446951595407861113e+00
4.445801706333779357e+00
4.439443286468172545e+00
4.447606580720338876e+00
4.451190264827456389e+00
4.441968719076855088e+00
4.449342386416101469e+00
4.448294949383460484e+00
4.447130580864660843e+00
4.455382558643263380e+00
4.451935468031978260e+00
4.457596763370218262e+00
4.463013702809588423e+00
4.459914313078398251e+00
4.453693142660455351e+00
4.456848795250697215e+00
4.465476354120075264e+00
4.463572066624211132e+00
4.464242720469231429e+00
4.470240474214326909e+00
4.464773460289494622e+00
4.470068613729764273e+00
4.475796731061975287e+00
4.470562920800403184e+00
4.468118684211367153e+00
4.469062066514526421e+00
4.475802434990140632e+00
4.474788151710940909e+00
4.475608600065513087e+00
4.487054839779457183e+00
4.474705415206655879e+00
4.481720097990412377e+00
4.468562235502273161e+00
4.484673605442789146e+00
4.477017161996779571e+00
4.484320394633202866e+00
4.481270357967424900e+00
4.487001277675243038e+00
4.485026727553115933e+00
4.482497915320598381e+00
4.490672153169512626e+00
4.482601488103480136e+00
4.482476745904746984e+00
4.489010873117422307e+00
4.491910935646191483e+00
4.493034574369648482e+00
4.497772283074734645e+00
4.498462992813551331e+00
4.488522114521241946e+00
4.500022633328635280e+00
4.495084062987952045e+00
4.502019568360069890e+00
4.496867282247075437e+00
4.489276635036798524e+00
4.493492270137514843e+00
4.493739099651670621e+00
4.503801544469053120e+00
4.504163248851734913e+00
4.503002760014515715e+00
4.506936558361471334e+00
4.506880494127906367e+00
4.506378698298713736e+00
4.505457243352619656e+00
4.509945082287779350e+00
4.507800070629589761e+00
4.511053568332459740e+00
4.514556636939216716e+00
4.514279750396417157e+00
4.514561991552954012e+00
4.511264092407570203e+00
4.520593978588551387e+00
4.510711254414975890e+00
4.521619698127933518e+00
4.518908799024256240e+00
4.520813274730735465e+00
4.522585925779954330e+00
4.523172159483006105e+00
4.523895628719535544e+00
4.529508213444520592e+00
4.522939554570543308e+00
4.525640646505249443e+00
4.524115992550890475e+00
4.523665774553855101e+00
4.540360977651375585e+00
4.527009953708131640e+00
4.531921193380671120e+00
4.539714703917875127e+00
4.532256605045315467e+00
4.536497302374859153e+00
4.534151184581824978e+00
4.538476886569598356e+00
4.536235623323847221e+00
4.540199511776912722e+00
4.541716793550031106e+00
4.543309282592279175e+00
4.544132762534959014e+00
4.545217179468331814e+00
4.550727863508923221e+00
4.539197629025851555e+00
4.548230615229086560e+00
4.546868012243342250e+00
4.542128594434157840e+00
4.550163740240618537e+00
4.548116098005615449e+00
4.551056983028410663e+00
4.553271908882895680e+00
4.549707653873845459e+00
4.553089569577360329e+00
4.555115678855100825e+00
4.549285921290021406e+00
4.547930777567574800e+00
4.556283012479179106e+00
4.566202374941367381e+00
4.560454863540181591e+00
4.556273895516806505e+00
4.563084376287730670e+00
4.553926553975301772e+00
4.558100843455043183e+00
4.558247370952995148e+00
4.562336354784806147e+00
4.570378450128350423e+00
4.566595022999766051e+00
4.568813862384294211e+00
4.568597690887505003e+00
4.567951595204416293e+00
4.565777463879181930e+00
4.565251393376876798e+00
4.569538058376943823e+00
4.572815781603075003e+00
4.569063865288273796e+00
4.576350621451306111e+00
4.574291449089114892e+00
4.581215477470429676e+00
4.578764673110333305e+00
4.576411109108692088e+00
4.581427049733136414e+00
4.581708864949536775e+00
4.582230221836041117e+00
4.581643779762507585e+00
4.583239266018852121e+00
4.580316877556946942e+00
4.583434851222969009e+00
4.582017280038312101e+00
4.593231437719087040e+00
4.582390546459222058e+00
4.594629600934332814e+00
4.592029229853324068e+00
4.590136271711021010e+00
4.593131974292950837e+00
4.593841686585832029e+00
4.590214683518357930e+00
4.591295684604510541e+00
4.602874806567079702e+00
4.594052520098619752e+00
4.594954278454075336e+00
4.602540347096792495e+00
4.612119802849335315e+00
4.608918624332210001e+00
4.597757843354374430e+00
4.607111598961316723e+00
4.608080681422055846e+00
4.595705979812947817e+00
4.608424317245997770e+00
4.609973533530461687e+00
4.617108813532935230e+00
4.604906514789341543e+00
4.605648471242556496e+00
4.603327003056820743e+00
4.611056142878648068e+00
4.614718285974709566e+00
4.607623123116042940e+00
4.617292411310945255e+00
4.612806786765395906e+00
4.615146881455349792e+00
4.616130488916190266e+00
4.611541569341150115e+00
4.616973381600973703e+00
4.619256974459053922e+00
4.618848322848550403e+00
4.624439467869490450e+00
4.630349858731970691e+00
4.628461333353792284e+00
4.622713538977711423e+00
4.629722441817716749e+00
4.635087321556341067e+00
4.625508125713525764e+00
4.633277244059903488e+00
4.637057874484696640e+00
4.632981011511891012e+00
4.627086475564621715e+00
4.628711176631376212e+00
