4.203101263317325295e-03
1.357135927786738173e-02
1.743595037289186883e-02
1.565091783741203585e-02
1.667265274929049385e-02
1.932621360753625575e-02
1.637922691758472021e-02
1.637071049335405912e-02
1.500271774611458206e-02
1.349393648234660861e-02
1.237518736753067360e-02
1.093332757484964321e-02
8.970384342665588262e-03
7.077383610816395318e-03
6.272829498718569645e-03
4.878441790558536890e-03
3.229226878497616637e-03
1.352878543041400976e-03
9.525751291774443012e-06
1.523650471540571871e-03
3.215195888211232114e-03
4.934610139054722462e-03
6.566717476259439565e-03
8.237641635426305731e-03
9.991723875102425517e-03
1.135489660573060430e-02
1.335651483666654669e-02
1.497871729976113855e-02
1.661771575195326173e-02
1.821828354327551663e-02
1.996678250325029796e-02
2.190659038446506057e-02
2.358062121612832310e-02
2.509447568520747213e-02
2.680366555877984266e-02
2.854919954098696436e-02
3.040521677414102092e-02
3.190436640183164779e-02
3.357775678824292259e-02
3.533145965451488235e-02
3.724053176389990893e-02
3.881253670208305306e-02
4.063050190309283605e-02
4.228975796364584788e-02
4.404396134099450300e-02
4.561039352910194883e-02
4.719081158314873681e-02
4.902188209612520775e-02
5.081623858337012273e-02
5.261528984762055966e-02
5.423527443760881722e-02
5.606307787963039913e-02
5.762886537573609635e-02
5.936806179332024952e-02
6.104811207379708116e-02
6.277114214741293108e-02
6.470418098928121253e-02
6.638179208994111902e-02
6.797088969141507064e-02
6.979314331896348256e-02
7.151529228075678701e-02
7.323832970676416587e-02
7.491331847922449994e-02
7.674358971904526872e-02
7.846295777862119514e-02
8.009932455563338605e-02
8.172994752307757849e-02
8.351834503457268577e-02
8.527152306422913774e-02
8.696058322359787041e-02
