1.000000000000000021e-02
6.000000000000000472e-02
1.100000000000000006e-01
1.600000000000000311e-01
2.100000000000000200e-01
2.600000000000000089e-01
3.100000000000000533e-01
3.600000000000000422e-01
4.100000000000000311e-01
4.600000000000000200e-01
5.100000000000000089e-01
5.600000000000000533e-01
6.100000000000000977e-01
6.600000000000000311e-01
7.100000000000000755e-01
7.600000000000000089e-01
8.100000000000000533e-01
8.600000000000000977e-01
9.100000000000000311e-01
9.600000000000000755e-01
1.010000000000000009e+00
1.060000000000000053e+00
1.110000000000000098e+00
1.160000000000000142e+00
1.210000000000000187e+00
1.260000000000000009e+00
1.310000000000000053e+00
1.360000000000000098e+00
1.410000000000000142e+00
1.460000000000000187e+00
1.510000000000000009e+00
1.560000000000000053e+00
1.610000000000000098e+00
1.660000000000000142e+00
1.710000000000000187e+00
1.760000000000000009e+00
1.810000000000000053e+00
1.860000000000000098e+00
1.910000000000000142e+00
1.960000000000000187e+00
2.009999999999999787e+00
2.060000000000000053e+00
2.109999999999999876e+00
2.159999999999999698e+00
2.209999999999999964e+00
2.259999999999999787e+00
2.310000000000000053e+00
2.359999999999999876e+00
2.410000000000000142e+00
2.459999999999999964e+00
2.509999999999999787e+00
2.560000000000000053e+00
2.609999999999999876e+00
2.660000000000000142e+00
2.709999999999999964e+00
2.759999999999999787e+00
2.810000000000000053e+00
2.859999999999999876e+00
2.910000000000000142e+00
2.959999999999999964e+00
3.009999999999999787e+00
3.060000000000000053e+00
3.109999999999999876e+00
3.160000000000000142e+00
3.209999999999999964e+00
3.259999999999999787e+00
3.310000000000000053e+00
3.359999999999999876e+00
3.410000000000000142e+00
3.459999999999999964e+00
